datetime,model_id,variable,horizon,prediction
2026-07-26,noaa_gestofs,cwl,0,0.3466594791666667
2026-07-27,noaa_gestofs,cwl,1,0.40691615833333333
2026-07-28,noaa_gestofs,cwl,2,0.380185725
2026-07-29,noaa_gestofs,cwl,3,0.27273528166666666
2026-07-30,noaa_gestofs,cwl,4,0.29616187833333335
2026-07-31,noaa_gestofs,cwl,5,0.46377795833333335
2026-08-01,noaa_gestofs,cwl,6,0.47927519166666666
2026-08-02,noaa_gestofs,cwl,7,0.4743708395061728
