ensemble,cycle,reference_datetime,datetime,site_id,model_id,parameter,variable,horizon,prediction
gec00,00,2023-11-27,2023-11-27,gcrew,noaa_gefs,00,AirTemp_C_mean,0,7.930160958426362
gec00,00,2023-11-27,2023-11-27,gcrew,noaa_gefs,00,RH_percent_mean,0,65.77873774937221
gec00,00,2023-11-27,2023-11-27,gcrew,noaa_gefs,00,Rain_mm_sum,0,1.409999966621399
gec00,00,2023-11-27,2023-11-27,gcrew,noaa_gefs,00,ShortwaveRadiation_Wm2,0,120
gec00,00,2023-11-27,2023-11-27,gcrew,noaa_gefs,00,WindSpeed_ms_mean,0,6.98831636820665
gec00,00,2023-11-27,2023-11-28,gcrew,noaa_gefs,00,AirTemp_C_mean,1,3.143903350830101
gec00,00,2023-11-27,2023-11-28,gcrew,noaa_gefs,00,RH_percent_mean,1,51.75671911239624
gec00,00,2023-11-27,2023-11-28,gcrew,noaa_gefs,00,Rain_mm_sum,1,0
gec00,00,2023-11-27,2023-11-28,gcrew,noaa_gefs,00,ShortwaveRadiation_Wm2,1,117.25
gec00,00,2023-11-27,2023-11-28,gcrew,noaa_gefs,00,WindSpeed_ms_mean,1,8.719262777459525
gec00,00,2023-11-27,2023-11-29,gcrew,noaa_gefs,00,AirTemp_C_mean,2,0.5654579162597884
gec00,00,2023-11-27,2023-11-29,gcrew,noaa_gefs,00,RH_percent_mean,2,45.022233963012695
gec00,00,2023-11-27,2023-11-29,gcrew,noaa_gefs,00,Rain_mm_sum,2,0
gec00,00,2023-11-27,2023-11-29,gcrew,noaa_gefs,00,ShortwaveRadiation_Wm2,2,123.75
gec00,00,2023-11-27,2023-11-29,gcrew,noaa_gefs,00,WindSpeed_ms_mean,2,6.168336011919848
gec00,00,2023-11-27,2023-11-30,gcrew,noaa_gefs,00,AirTemp_C_mean,3,5.442548370361351
gec00,00,2023-11-27,2023-11-30,gcrew,noaa_gefs,00,RH_percent_mean,3,51.092037200927734
gec00,00,2023-11-27,2023-11-30,gcrew,noaa_gefs,00,Rain_mm_sum,3,0
gec00,00,2023-11-27,2023-11-30,gcrew,noaa_gefs,00,ShortwaveRadiation_Wm2,3,115
gec00,00,2023-11-27,2023-11-30,gcrew,noaa_gefs,00,WindSpeed_ms_mean,3,4.647622723424587
gec00,00,2023-11-27,2023-12-01,gcrew,noaa_gefs,00,AirTemp_C_mean,4,9.021810150146507
gec00,00,2023-11-27,2023-12-01,gcrew,noaa_gefs,00,RH_percent_mean,4,66.71106433868408
gec00,00,2023-11-27,2023-12-01,gcrew,noaa_gefs,00,Rain_mm_sum,4,0.9099999666213989
gec00,00,2023-11-27,2023-12-01,gcrew,noaa_gefs,00,ShortwaveRadiation_Wm2,4,56.25
gec00,00,2023-11-27,2023-12-01,gcrew,noaa_gefs,00,WindSpeed_ms_mean,4,5.704241102456863
gec00,00,2023-11-27,2023-12-02,gcrew,noaa_gefs,00,AirTemp_C_mean,5,11.22754821777346
gec00,00,2023-11-27,2023-12-02,gcrew,noaa_gefs,00,RH_percent_mean,5,89.3065881729126
gec00,00,2023-11-27,2023-12-02,gcrew,noaa_gefs,00,Rain_mm_sum,5,2.1299999933689833
gec00,00,2023-11-27,2023-12-02,gcrew,noaa_gefs,00,ShortwaveRadiation_Wm2,5,68.75
gec00,00,2023-11-27,2023-12-02,gcrew,noaa_gefs,00,WindSpeed_ms_mean,5,3.257810854788391
gec00,00,2023-11-27,2023-12-03,gcrew,noaa_gefs,00,AirTemp_C_mean,6,11.987805938720726
gec00,00,2023-11-27,2023-12-03,gcrew,noaa_gefs,00,RH_percent_mean,6,95.10680103302002
gec00,00,2023-11-27,2023-12-03,gcrew,noaa_gefs,00,Rain_mm_sum,6,40.17000102996826
gec00,00,2023-11-27,2023-12-03,gcrew,noaa_gefs,00,ShortwaveRadiation_Wm2,6,25
gec00,00,2023-11-27,2023-12-03,gcrew,noaa_gefs,00,WindSpeed_ms_mean,6,3.011062993601093
gec00,00,2023-11-27,2023-12-04,gcrew,noaa_gefs,00,AirTemp_C_mean,7,10.208066558837913
gec00,00,2023-11-27,2023-12-04,gcrew,noaa_gefs,00,RH_percent_mean,7,69.40479469299316
gec00,00,2023-11-27,2023-12-04,gcrew,noaa_gefs,00,Rain_mm_sum,7,0.10000000149011612
gec00,00,2023-11-27,2023-12-04,gcrew,noaa_gefs,00,ShortwaveRadiation_Wm2,7,83.75
gec00,00,2023-11-27,2023-12-04,gcrew,noaa_gefs,00,WindSpeed_ms_mean,7,4.650060705382802
gec00,00,2023-11-27,2023-12-05,gcrew,noaa_gefs,00,AirTemp_C_mean,8,7.09925231933596
gec00,00,2023-11-27,2023-12-05,gcrew,noaa_gefs,00,RH_percent_mean,8,59.26151514053345
gec00,00,2023-11-27,2023-12-05,gcrew,noaa_gefs,00,Rain_mm_sum,8,0
gec00,00,2023-11-27,2023-12-05,gcrew,noaa_gefs,00,ShortwaveRadiation_Wm2,8,90
gec00,00,2023-11-27,2023-12-05,gcrew,noaa_gefs,00,WindSpeed_ms_mean,8,4.769365907420658
gec00,00,2023-11-27,2023-12-06,gcrew,noaa_gefs,00,AirTemp_C_mean,9,5.801030731201195
gec00,00,2023-11-27,2023-12-06,gcrew,noaa_gefs,00,RH_percent_mean,9,66.42868709564209
gec00,00,2023-11-27,2023-12-06,gcrew,noaa_gefs,00,Rain_mm_sum,9,0.10000000149011612
gec00,00,2023-11-27,2023-12-06,gcrew,noaa_gefs,00,ShortwaveRadiation_Wm2,9,73.75
gec00,00,2023-11-27,2023-12-06,gcrew,noaa_gefs,00,WindSpeed_ms_mean,9,5.121497430910974
gec00,00,2023-11-27,2023-12-07,gcrew,noaa_gefs,00,AirTemp_C_mean,10,4.628167724609398
gec00,00,2023-11-27,2023-12-07,gcrew,noaa_gefs,00,RH_percent_mean,10,60.15670585632324
gec00,00,2023-11-27,2023-12-07,gcrew,noaa_gefs,00,Rain_mm_sum,10,0.10000000149011612
gec00,00,2023-11-27,2023-12-07,gcrew,noaa_gefs,00,ShortwaveRadiation_Wm2,10,80
gec00,00,2023-11-27,2023-12-07,gcrew,noaa_gefs,00,WindSpeed_ms_mean,10,6.409377329262826
gec00,00,2023-11-27,2023-12-08,gcrew,noaa_gefs,00,AirTemp_C_mean,11,7.60364685058596
gec00,00,2023-11-27,2023-12-08,gcrew,noaa_gefs,00,RH_percent_mean,11,60.32244300842285
gec00,00,2023-11-27,2023-12-08,gcrew,noaa_gefs,00,Rain_mm_sum,11,0
gec00,00,2023-11-27,2023-12-08,gcrew,noaa_gefs,00,ShortwaveRadiation_Wm2,11,85
gec00,00,2023-11-27,2023-12-08,gcrew,noaa_gefs,00,WindSpeed_ms_mean,11,2.9631373493483464
gec00,00,2023-11-27,2023-12-09,gcrew,noaa_gefs,00,AirTemp_C_mean,12,9.189378356933616
gec00,00,2023-11-27,2023-12-09,gcrew,noaa_gefs,00,RH_percent_mean,12,70.98326873779297
gec00,00,2023-11-27,2023-12-09,gcrew,noaa_gefs,00,Rain_mm_sum,12,0
gec00,00,2023-11-27,2023-12-09,gcrew,noaa_gefs,00,ShortwaveRadiation_Wm2,12,92.5
gec00,00,2023-11-27,2023-12-09,gcrew,noaa_gefs,00,WindSpeed_ms_mean,12,4.254736907169081
gec00,00,2023-11-27,2023-12-10,gcrew,noaa_gefs,00,AirTemp_C_mean,13,12.441644287109398
gec00,00,2023-11-27,2023-12-10,gcrew,noaa_gefs,00,RH_percent_mean,13,82.82262802124023
gec00,00,2023-11-27,2023-12-10,gcrew,noaa_gefs,00,Rain_mm_sum,13,0.800000011920929
gec00,00,2023-11-27,2023-12-10,gcrew,noaa_gefs,00,ShortwaveRadiation_Wm2,13,52.5
gec00,00,2023-11-27,2023-12-10,gcrew,noaa_gefs,00,WindSpeed_ms_mean,13,7.214954621995648
gec00,00,2023-11-27,2023-12-11,gcrew,noaa_gefs,00,AirTemp_C_mean,14,8.196138000488304
gec00,00,2023-11-27,2023-12-11,gcrew,noaa_gefs,00,RH_percent_mean,14,67.96190357208252
gec00,00,2023-11-27,2023-12-11,gcrew,noaa_gefs,00,Rain_mm_sum,14,36.89999961853027
gec00,00,2023-11-27,2023-12-11,gcrew,noaa_gefs,00,ShortwaveRadiation_Wm2,14,77.5
gec00,00,2023-11-27,2023-12-11,gcrew,noaa_gefs,00,WindSpeed_ms_mean,14,9.841349318979457
gec00,00,2023-11-27,2023-12-12,gcrew,noaa_gefs,00,AirTemp_C_mean,15,4.513063049316429
gec00,00,2023-11-27,2023-12-12,gcrew,noaa_gefs,00,RH_percent_mean,15,51.38350963592529
gec00,00,2023-11-27,2023-12-12,gcrew,noaa_gefs,00,Rain_mm_sum,15,0
gec00,00,2023-11-27,2023-12-12,gcrew,noaa_gefs,00,ShortwaveRadiation_Wm2,15,115
gec00,00,2023-11-27,2023-12-12,gcrew,noaa_gefs,00,WindSpeed_ms_mean,15,6.445321660564322
gec00,00,2023-11-27,2023-12-13,gcrew,noaa_gefs,00,AirTemp_C_mean,16,6.0189071655273665
gec00,00,2023-11-27,2023-12-13,gcrew,noaa_gefs,00,RH_percent_mean,16,54.307085037231445
gec00,00,2023-11-27,2023-12-13,gcrew,noaa_gefs,00,Rain_mm_sum,16,0
gec00,00,2023-11-27,2023-12-13,gcrew,noaa_gefs,00,ShortwaveRadiation_Wm2,16,95
gec00,00,2023-11-27,2023-12-13,gcrew,noaa_gefs,00,WindSpeed_ms_mean,16,4.919506652192801
gec00,00,2023-11-27,2023-12-14,gcrew,noaa_gefs,00,AirTemp_C_mean,17,1.9536911010742415
gec00,00,2023-11-27,2023-12-14,gcrew,noaa_gefs,00,RH_percent_mean,17,54.30481147766113
gec00,00,2023-11-27,2023-12-14,gcrew,noaa_gefs,00,Rain_mm_sum,17,0
gec00,00,2023-11-27,2023-12-14,gcrew,noaa_gefs,00,ShortwaveRadiation_Wm2,17,102.5
gec00,00,2023-11-27,2023-12-14,gcrew,noaa_gefs,00,WindSpeed_ms_mean,17,6.970441376959462
gec00,00,2023-11-27,2023-12-15,gcrew,noaa_gefs,00,AirTemp_C_mean,18,4.5534530639648665
gec00,00,2023-11-27,2023-12-15,gcrew,noaa_gefs,00,RH_percent_mean,18,48.15119743347168
gec00,00,2023-11-27,2023-12-15,gcrew,noaa_gefs,00,Rain_mm_sum,18,0
gec00,00,2023-11-27,2023-12-15,gcrew,noaa_gefs,00,ShortwaveRadiation_Wm2,18,110
gec00,00,2023-11-27,2023-12-15,gcrew,noaa_gefs,00,WindSpeed_ms_mean,18,6.043071901033547
gec00,00,2023-11-27,2023-12-16,gcrew,noaa_gefs,00,AirTemp_C_mean,19,7.143457031250023
gec00,00,2023-11-27,2023-12-16,gcrew,noaa_gefs,00,RH_percent_mean,19,52.20172309875488
gec00,00,2023-11-27,2023-12-16,gcrew,noaa_gefs,00,Rain_mm_sum,19,0
gec00,00,2023-11-27,2023-12-16,gcrew,noaa_gefs,00,ShortwaveRadiation_Wm2,19,111.5
gec00,00,2023-11-27,2023-12-16,gcrew,noaa_gefs,00,WindSpeed_ms_mean,19,5.818199168438026
gec00,00,2023-11-27,2023-12-17,gcrew,noaa_gefs,00,AirTemp_C_mean,20,6.060304260253929
gec00,00,2023-11-27,2023-12-17,gcrew,noaa_gefs,00,RH_percent_mean,20,73.71020603179932
gec00,00,2023-11-27,2023-12-17,gcrew,noaa_gefs,00,Rain_mm_sum,20,0
gec00,00,2023-11-27,2023-12-17,gcrew,noaa_gefs,00,ShortwaveRadiation_Wm2,20,67.5
gec00,00,2023-11-27,2023-12-17,gcrew,noaa_gefs,00,WindSpeed_ms_mean,20,4.95647322638626
gec00,00,2023-11-27,2023-12-18,gcrew,noaa_gefs,00,AirTemp_C_mean,21,7.519563293457054
gec00,00,2023-11-27,2023-12-18,gcrew,noaa_gefs,00,RH_percent_mean,21,87.2380199432373
gec00,00,2023-11-27,2023-12-18,gcrew,noaa_gefs,00,Rain_mm_sum,21,14.800000309944153
gec00,00,2023-11-27,2023-12-18,gcrew,noaa_gefs,00,ShortwaveRadiation_Wm2,21,10
gec00,00,2023-11-27,2023-12-18,gcrew,noaa_gefs,00,WindSpeed_ms_mean,21,6.641896038089156
gec00,00,2023-11-27,2023-12-19,gcrew,noaa_gefs,00,AirTemp_C_mean,22,7.543115234375023
gec00,00,2023-11-27,2023-12-19,gcrew,noaa_gefs,00,RH_percent_mean,22,82.2885913848877
gec00,00,2023-11-27,2023-12-19,gcrew,noaa_gefs,00,Rain_mm_sum,22,7.600000008940697
gec00,00,2023-11-27,2023-12-19,gcrew,noaa_gefs,00,ShortwaveRadiation_Wm2,22,42.5
gec00,00,2023-11-27,2023-12-19,gcrew,noaa_gefs,00,WindSpeed_ms_mean,22,5.825227171579426
gec00,00,2023-11-27,2023-12-20,gcrew,noaa_gefs,00,AirTemp_C_mean,23,8.987573242187523
gec00,00,2023-11-27,2023-12-20,gcrew,noaa_gefs,00,RH_percent_mean,23,80.18497467041016
gec00,00,2023-11-27,2023-12-20,gcrew,noaa_gefs,00,Rain_mm_sum,23,0.30000000447034836
gec00,00,2023-11-27,2023-12-20,gcrew,noaa_gefs,00,ShortwaveRadiation_Wm2,23,42.5
gec00,00,2023-11-27,2023-12-20,gcrew,noaa_gefs,00,WindSpeed_ms_mean,23,4.078718289512819
gec00,00,2023-11-27,2023-12-21,gcrew,noaa_gefs,00,AirTemp_C_mean,24,8.525712585449241
gec00,00,2023-11-27,2023-12-21,gcrew,noaa_gefs,00,RH_percent_mean,24,76.58914756774902
gec00,00,2023-11-27,2023-12-21,gcrew,noaa_gefs,00,Rain_mm_sum,24,36.49999952316284
gec00,00,2023-11-27,2023-12-21,gcrew,noaa_gefs,00,ShortwaveRadiation_Wm2,24,75
gec00,00,2023-11-27,2023-12-21,gcrew,noaa_gefs,00,WindSpeed_ms_mean,24,11.62732320451973
gec00,00,2023-11-27,2023-12-22,gcrew,noaa_gefs,00,AirTemp_C_mean,25,6.965997314453148
gec00,00,2023-11-27,2023-12-22,gcrew,noaa_gefs,00,RH_percent_mean,25,62.65604782104492
gec00,00,2023-11-27,2023-12-22,gcrew,noaa_gefs,00,Rain_mm_sum,25,0
gec00,00,2023-11-27,2023-12-22,gcrew,noaa_gefs,00,ShortwaveRadiation_Wm2,25,110
gec00,00,2023-11-27,2023-12-22,gcrew,noaa_gefs,00,WindSpeed_ms_mean,25,8.727689670673977
gec00,00,2023-11-27,2023-12-23,gcrew,noaa_gefs,00,AirTemp_C_mean,26,6.719461059570335
gec00,00,2023-11-27,2023-12-23,gcrew,noaa_gefs,00,RH_percent_mean,26,62.82187747955322
gec00,00,2023-11-27,2023-12-23,gcrew,noaa_gefs,00,Rain_mm_sum,26,0
gec00,00,2023-11-27,2023-12-23,gcrew,noaa_gefs,00,ShortwaveRadiation_Wm2,26,87.5
gec00,00,2023-11-27,2023-12-23,gcrew,noaa_gefs,00,WindSpeed_ms_mean,26,2.369054386272265
gec00,00,2023-11-27,2023-12-24,gcrew,noaa_gefs,00,AirTemp_C_mean,27,5.3032699584961165
gec00,00,2023-11-27,2023-12-24,gcrew,noaa_gefs,00,RH_percent_mean,27,81.36386299133301
gec00,00,2023-11-27,2023-12-24,gcrew,noaa_gefs,00,Rain_mm_sum,27,28.30000114440918
gec00,00,2023-11-27,2023-12-24,gcrew,noaa_gefs,00,ShortwaveRadiation_Wm2,27,57.5
gec00,00,2023-11-27,2023-12-24,gcrew,noaa_gefs,00,WindSpeed_ms_mean,27,4.459078748032569
gec00,00,2023-11-27,2023-12-25,gcrew,noaa_gefs,00,AirTemp_C_mean,28,5.13581237792971
gec00,00,2023-11-27,2023-12-25,gcrew,noaa_gefs,00,RH_percent_mean,28,81.22675704956055
gec00,00,2023-11-27,2023-12-25,gcrew,noaa_gefs,00,Rain_mm_sum,28,1.4999999776482582
gec00,00,2023-11-27,2023-12-25,gcrew,noaa_gefs,00,ShortwaveRadiation_Wm2,28,35
gec00,00,2023-11-27,2023-12-25,gcrew,noaa_gefs,00,WindSpeed_ms_mean,28,4.003474868197337
gec00,00,2023-11-27,2023-12-26,gcrew,noaa_gefs,00,AirTemp_C_mean,29,4.564202880859398
gec00,00,2023-11-27,2023-12-26,gcrew,noaa_gefs,00,RH_percent_mean,29,65.44478416442871
gec00,00,2023-11-27,2023-12-26,gcrew,noaa_gefs,00,Rain_mm_sum,29,0.6000000238418579
gec00,00,2023-11-27,2023-12-26,gcrew,noaa_gefs,00,ShortwaveRadiation_Wm2,29,95
gec00,00,2023-11-27,2023-12-26,gcrew,noaa_gefs,00,WindSpeed_ms_mean,29,4.794088178148612
gec00,00,2023-11-27,2023-12-27,gcrew,noaa_gefs,00,AirTemp_C_mean,30,2.5684982299804915
gec00,00,2023-11-27,2023-12-27,gcrew,noaa_gefs,00,RH_percent_mean,30,61.19670581817627
gec00,00,2023-11-27,2023-12-27,gcrew,noaa_gefs,00,Rain_mm_sum,30,0.20000000298023224
gec00,00,2023-11-27,2023-12-27,gcrew,noaa_gefs,00,ShortwaveRadiation_Wm2,30,103
gec00,00,2023-11-27,2023-12-27,gcrew,noaa_gefs,00,WindSpeed_ms_mean,30,7.929123668297478
gec00,00,2023-11-27,2023-12-28,gcrew,noaa_gefs,00,AirTemp_C_mean,31,0.24892578125002274
gec00,00,2023-11-27,2023-12-28,gcrew,noaa_gefs,00,RH_percent_mean,31,54.894179344177246
gec00,00,2023-11-27,2023-12-28,gcrew,noaa_gefs,00,Rain_mm_sum,31,0
gec00,00,2023-11-27,2023-12-28,gcrew,noaa_gefs,00,ShortwaveRadiation_Wm2,31,107.5
gec00,00,2023-11-27,2023-12-28,gcrew,noaa_gefs,00,WindSpeed_ms_mean,31,8.369389072984506
gec00,00,2023-11-27,2023-12-29,gcrew,noaa_gefs,00,AirTemp_C_mean,32,2.135316467285179
gec00,00,2023-11-27,2023-12-29,gcrew,noaa_gefs,00,RH_percent_mean,32,49.380462646484375
gec00,00,2023-11-27,2023-12-29,gcrew,noaa_gefs,00,Rain_mm_sum,32,0
gec00,00,2023-11-27,2023-12-29,gcrew,noaa_gefs,00,ShortwaveRadiation_Wm2,32,100
gec00,00,2023-11-27,2023-12-29,gcrew,noaa_gefs,00,WindSpeed_ms_mean,32,4.864784430286628
gec00,00,2023-11-27,2023-12-30,gcrew,noaa_gefs,00,AirTemp_C_mean,33,2.2571350097656477
gec00,00,2023-11-27,2023-12-30,gcrew,noaa_gefs,00,RH_percent_mean,33,58.125136375427246
gec00,00,2023-11-27,2023-12-30,gcrew,noaa_gefs,00,Rain_mm_sum,33,0
gec00,00,2023-11-27,2023-12-30,gcrew,noaa_gefs,00,ShortwaveRadiation_Wm2,33,105
gec00,00,2023-11-27,2023-12-30,gcrew,noaa_gefs,00,WindSpeed_ms_mean,33,8.121758892113014
gec00,00,2023-11-27,2023-12-31,gcrew,noaa_gefs,00,AirTemp_C_mean,34,0.35221252441408524
gec00,00,2023-11-27,2023-12-31,gcrew,noaa_gefs,00,RH_percent_mean,34,59.313002586364746
gec00,00,2023-11-27,2023-12-31,gcrew,noaa_gefs,00,Rain_mm_sum,34,0
gec00,00,2023-11-27,2023-12-31,gcrew,noaa_gefs,00,ShortwaveRadiation_Wm2,34,110
gec00,00,2023-11-27,2023-12-31,gcrew,noaa_gefs,00,WindSpeed_ms_mean,34,7.684706090714355
gec00,00,2023-11-27,2024-01-01,gcrew,noaa_gefs,00,AirTemp_C_mean,35,0.9818664550781477
gec00,00,2023-11-27,2024-01-01,gcrew,noaa_gefs,00,RH_percent_mean,35,55.25293731689453
gec00,00,2023-11-27,2024-01-01,gcrew,noaa_gefs,00,Rain_mm_sum,35,0
gec00,00,2023-11-27,2024-01-01,gcrew,noaa_gefs,00,ShortwaveRadiation_Wm2,35,150
gec00,00,2023-11-27,2024-01-01,gcrew,noaa_gefs,00,WindSpeed_ms_mean,35,5.577020295958797
gep01,00,2023-11-27,2023-11-27,gcrew,noaa_gefs,01,AirTemp_C_mean,0,7.930160958426362
gep01,00,2023-11-27,2023-11-27,gcrew,noaa_gefs,01,RH_percent_mean,0,65.77873774937221
gep01,00,2023-11-27,2023-11-27,gcrew,noaa_gefs,01,Rain_mm_sum,0,1.409999966621399
gep01,00,2023-11-27,2023-11-27,gcrew,noaa_gefs,01,ShortwaveRadiation_Wm2,0,120
gep01,00,2023-11-27,2023-11-27,gcrew,noaa_gefs,01,WindSpeed_ms_mean,0,6.98831636820665
gep01,00,2023-11-27,2023-11-28,gcrew,noaa_gefs,01,AirTemp_C_mean,1,3.143903350830101
gep01,00,2023-11-27,2023-11-28,gcrew,noaa_gefs,01,RH_percent_mean,1,51.75671911239624
gep01,00,2023-11-27,2023-11-28,gcrew,noaa_gefs,01,Rain_mm_sum,1,0
gep01,00,2023-11-27,2023-11-28,gcrew,noaa_gefs,01,ShortwaveRadiation_Wm2,1,117.25
gep01,00,2023-11-27,2023-11-28,gcrew,noaa_gefs,01,WindSpeed_ms_mean,1,8.719262777459525
gep01,00,2023-11-27,2023-11-29,gcrew,noaa_gefs,01,AirTemp_C_mean,2,0.5654579162597884
gep01,00,2023-11-27,2023-11-29,gcrew,noaa_gefs,01,RH_percent_mean,2,45.022233963012695
gep01,00,2023-11-27,2023-11-29,gcrew,noaa_gefs,01,Rain_mm_sum,2,0
gep01,00,2023-11-27,2023-11-29,gcrew,noaa_gefs,01,ShortwaveRadiation_Wm2,2,123.75
gep01,00,2023-11-27,2023-11-29,gcrew,noaa_gefs,01,WindSpeed_ms_mean,2,6.168336011919848
gep01,00,2023-11-27,2023-11-30,gcrew,noaa_gefs,01,AirTemp_C_mean,3,5.442548370361351
gep01,00,2023-11-27,2023-11-30,gcrew,noaa_gefs,01,RH_percent_mean,3,51.092037200927734
gep01,00,2023-11-27,2023-11-30,gcrew,noaa_gefs,01,Rain_mm_sum,3,0
gep01,00,2023-11-27,2023-11-30,gcrew,noaa_gefs,01,ShortwaveRadiation_Wm2,3,115
gep01,00,2023-11-27,2023-11-30,gcrew,noaa_gefs,01,WindSpeed_ms_mean,3,4.647622723424587
gep01,00,2023-11-27,2023-12-01,gcrew,noaa_gefs,01,AirTemp_C_mean,4,9.021810150146507
gep01,00,2023-11-27,2023-12-01,gcrew,noaa_gefs,01,RH_percent_mean,4,66.71106433868408
gep01,00,2023-11-27,2023-12-01,gcrew,noaa_gefs,01,Rain_mm_sum,4,0.9099999666213989
gep01,00,2023-11-27,2023-12-01,gcrew,noaa_gefs,01,ShortwaveRadiation_Wm2,4,56.25
gep01,00,2023-11-27,2023-12-01,gcrew,noaa_gefs,01,WindSpeed_ms_mean,4,5.704241102456863
gep01,00,2023-11-27,2023-12-02,gcrew,noaa_gefs,01,AirTemp_C_mean,5,11.22754821777346
gep01,00,2023-11-27,2023-12-02,gcrew,noaa_gefs,01,RH_percent_mean,5,89.3065881729126
gep01,00,2023-11-27,2023-12-02,gcrew,noaa_gefs,01,Rain_mm_sum,5,2.1299999933689833
gep01,00,2023-11-27,2023-12-02,gcrew,noaa_gefs,01,ShortwaveRadiation_Wm2,5,68.75
gep01,00,2023-11-27,2023-12-02,gcrew,noaa_gefs,01,WindSpeed_ms_mean,5,3.257810854788391
gep01,00,2023-11-27,2023-12-03,gcrew,noaa_gefs,01,AirTemp_C_mean,6,11.987805938720726
gep01,00,2023-11-27,2023-12-03,gcrew,noaa_gefs,01,RH_percent_mean,6,95.10680103302002
gep01,00,2023-11-27,2023-12-03,gcrew,noaa_gefs,01,Rain_mm_sum,6,40.17000102996826
gep01,00,2023-11-27,2023-12-03,gcrew,noaa_gefs,01,ShortwaveRadiation_Wm2,6,25
gep01,00,2023-11-27,2023-12-03,gcrew,noaa_gefs,01,WindSpeed_ms_mean,6,3.011062993601093
gep01,00,2023-11-27,2023-12-04,gcrew,noaa_gefs,01,AirTemp_C_mean,7,10.208066558837913
gep01,00,2023-11-27,2023-12-04,gcrew,noaa_gefs,01,RH_percent_mean,7,69.40479469299316
gep01,00,2023-11-27,2023-12-04,gcrew,noaa_gefs,01,Rain_mm_sum,7,0.10000000149011612
gep01,00,2023-11-27,2023-12-04,gcrew,noaa_gefs,01,ShortwaveRadiation_Wm2,7,83.75
gep01,00,2023-11-27,2023-12-04,gcrew,noaa_gefs,01,WindSpeed_ms_mean,7,4.650060705382802
gep01,00,2023-11-27,2023-12-05,gcrew,noaa_gefs,01,AirTemp_C_mean,8,7.09925231933596
gep01,00,2023-11-27,2023-12-05,gcrew,noaa_gefs,01,RH_percent_mean,8,59.26151514053345
gep01,00,2023-11-27,2023-12-05,gcrew,noaa_gefs,01,Rain_mm_sum,8,0
gep01,00,2023-11-27,2023-12-05,gcrew,noaa_gefs,01,ShortwaveRadiation_Wm2,8,90
gep01,00,2023-11-27,2023-12-05,gcrew,noaa_gefs,01,WindSpeed_ms_mean,8,4.769365907420658
gep01,00,2023-11-27,2023-12-06,gcrew,noaa_gefs,01,AirTemp_C_mean,9,5.801030731201195
gep01,00,2023-11-27,2023-12-06,gcrew,noaa_gefs,01,RH_percent_mean,9,66.42868709564209
gep01,00,2023-11-27,2023-12-06,gcrew,noaa_gefs,01,Rain_mm_sum,9,0.10000000149011612
gep01,00,2023-11-27,2023-12-06,gcrew,noaa_gefs,01,ShortwaveRadiation_Wm2,9,73.75
gep01,00,2023-11-27,2023-12-06,gcrew,noaa_gefs,01,WindSpeed_ms_mean,9,5.121497430910974
gep01,00,2023-11-27,2023-12-07,gcrew,noaa_gefs,01,AirTemp_C_mean,10,4.628167724609398
gep01,00,2023-11-27,2023-12-07,gcrew,noaa_gefs,01,RH_percent_mean,10,60.15670585632324
gep01,00,2023-11-27,2023-12-07,gcrew,noaa_gefs,01,Rain_mm_sum,10,0.10000000149011612
gep01,00,2023-11-27,2023-12-07,gcrew,noaa_gefs,01,ShortwaveRadiation_Wm2,10,80
gep01,00,2023-11-27,2023-12-07,gcrew,noaa_gefs,01,WindSpeed_ms_mean,10,6.409377329262826
gep01,00,2023-11-27,2023-12-08,gcrew,noaa_gefs,01,AirTemp_C_mean,11,7.60364685058596
gep01,00,2023-11-27,2023-12-08,gcrew,noaa_gefs,01,RH_percent_mean,11,60.32244300842285
gep01,00,2023-11-27,2023-12-08,gcrew,noaa_gefs,01,Rain_mm_sum,11,0
gep01,00,2023-11-27,2023-12-08,gcrew,noaa_gefs,01,ShortwaveRadiation_Wm2,11,85
gep01,00,2023-11-27,2023-12-08,gcrew,noaa_gefs,01,WindSpeed_ms_mean,11,2.9631373493483464
gep01,00,2023-11-27,2023-12-09,gcrew,noaa_gefs,01,AirTemp_C_mean,12,9.189378356933616
gep01,00,2023-11-27,2023-12-09,gcrew,noaa_gefs,01,RH_percent_mean,12,70.98326873779297
gep01,00,2023-11-27,2023-12-09,gcrew,noaa_gefs,01,Rain_mm_sum,12,0
gep01,00,2023-11-27,2023-12-09,gcrew,noaa_gefs,01,ShortwaveRadiation_Wm2,12,92.5
gep01,00,2023-11-27,2023-12-09,gcrew,noaa_gefs,01,WindSpeed_ms_mean,12,4.254736907169081
gep01,00,2023-11-27,2023-12-10,gcrew,noaa_gefs,01,AirTemp_C_mean,13,12.441644287109398
gep01,00,2023-11-27,2023-12-10,gcrew,noaa_gefs,01,RH_percent_mean,13,82.82262802124023
gep01,00,2023-11-27,2023-12-10,gcrew,noaa_gefs,01,Rain_mm_sum,13,0.800000011920929
gep01,00,2023-11-27,2023-12-10,gcrew,noaa_gefs,01,ShortwaveRadiation_Wm2,13,52.5
gep01,00,2023-11-27,2023-12-10,gcrew,noaa_gefs,01,WindSpeed_ms_mean,13,7.214954621995648
gep01,00,2023-11-27,2023-12-11,gcrew,noaa_gefs,01,AirTemp_C_mean,14,8.196138000488304
gep01,00,2023-11-27,2023-12-11,gcrew,noaa_gefs,01,RH_percent_mean,14,67.96190357208252
gep01,00,2023-11-27,2023-12-11,gcrew,noaa_gefs,01,Rain_mm_sum,14,36.89999961853027
gep01,00,2023-11-27,2023-12-11,gcrew,noaa_gefs,01,ShortwaveRadiation_Wm2,14,77.5
gep01,00,2023-11-27,2023-12-11,gcrew,noaa_gefs,01,WindSpeed_ms_mean,14,9.841349318979457
gep01,00,2023-11-27,2023-12-12,gcrew,noaa_gefs,01,AirTemp_C_mean,15,4.513063049316429
gep01,00,2023-11-27,2023-12-12,gcrew,noaa_gefs,01,RH_percent_mean,15,51.38350963592529
gep01,00,2023-11-27,2023-12-12,gcrew,noaa_gefs,01,Rain_mm_sum,15,0
gep01,00,2023-11-27,2023-12-12,gcrew,noaa_gefs,01,ShortwaveRadiation_Wm2,15,115
gep01,00,2023-11-27,2023-12-12,gcrew,noaa_gefs,01,WindSpeed_ms_mean,15,6.445321660564322
gep01,00,2023-11-27,2023-12-13,gcrew,noaa_gefs,01,AirTemp_C_mean,16,6.0189071655273665
gep01,00,2023-11-27,2023-12-13,gcrew,noaa_gefs,01,RH_percent_mean,16,54.307085037231445
gep01,00,2023-11-27,2023-12-13,gcrew,noaa_gefs,01,Rain_mm_sum,16,0
gep01,00,2023-11-27,2023-12-13,gcrew,noaa_gefs,01,ShortwaveRadiation_Wm2,16,95
gep01,00,2023-11-27,2023-12-13,gcrew,noaa_gefs,01,WindSpeed_ms_mean,16,4.919506652192801
gep01,00,2023-11-27,2023-12-14,gcrew,noaa_gefs,01,AirTemp_C_mean,17,1.9536911010742415
gep01,00,2023-11-27,2023-12-14,gcrew,noaa_gefs,01,RH_percent_mean,17,54.30481147766113
gep01,00,2023-11-27,2023-12-14,gcrew,noaa_gefs,01,Rain_mm_sum,17,0
gep01,00,2023-11-27,2023-12-14,gcrew,noaa_gefs,01,ShortwaveRadiation_Wm2,17,102.5
gep01,00,2023-11-27,2023-12-14,gcrew,noaa_gefs,01,WindSpeed_ms_mean,17,6.970441376959462
gep01,00,2023-11-27,2023-12-15,gcrew,noaa_gefs,01,AirTemp_C_mean,18,4.5534530639648665
gep01,00,2023-11-27,2023-12-15,gcrew,noaa_gefs,01,RH_percent_mean,18,48.15119743347168
gep01,00,2023-11-27,2023-12-15,gcrew,noaa_gefs,01,Rain_mm_sum,18,0
gep01,00,2023-11-27,2023-12-15,gcrew,noaa_gefs,01,ShortwaveRadiation_Wm2,18,110
gep01,00,2023-11-27,2023-12-15,gcrew,noaa_gefs,01,WindSpeed_ms_mean,18,6.043071901033547
gep01,00,2023-11-27,2023-12-16,gcrew,noaa_gefs,01,AirTemp_C_mean,19,7.143457031250023
gep01,00,2023-11-27,2023-12-16,gcrew,noaa_gefs,01,RH_percent_mean,19,52.20172309875488
gep01,00,2023-11-27,2023-12-16,gcrew,noaa_gefs,01,Rain_mm_sum,19,0
gep01,00,2023-11-27,2023-12-16,gcrew,noaa_gefs,01,ShortwaveRadiation_Wm2,19,111.5
gep01,00,2023-11-27,2023-12-16,gcrew,noaa_gefs,01,WindSpeed_ms_mean,19,5.818199168438026
gep01,00,2023-11-27,2023-12-17,gcrew,noaa_gefs,01,AirTemp_C_mean,20,6.060304260253929
gep01,00,2023-11-27,2023-12-17,gcrew,noaa_gefs,01,RH_percent_mean,20,73.71020603179932
gep01,00,2023-11-27,2023-12-17,gcrew,noaa_gefs,01,Rain_mm_sum,20,0
gep01,00,2023-11-27,2023-12-17,gcrew,noaa_gefs,01,ShortwaveRadiation_Wm2,20,67.5
gep01,00,2023-11-27,2023-12-17,gcrew,noaa_gefs,01,WindSpeed_ms_mean,20,4.95647322638626
gep01,00,2023-11-27,2023-12-18,gcrew,noaa_gefs,01,AirTemp_C_mean,21,7.519563293457054
gep01,00,2023-11-27,2023-12-18,gcrew,noaa_gefs,01,RH_percent_mean,21,87.2380199432373
gep01,00,2023-11-27,2023-12-18,gcrew,noaa_gefs,01,Rain_mm_sum,21,14.800000309944153
gep01,00,2023-11-27,2023-12-18,gcrew,noaa_gefs,01,ShortwaveRadiation_Wm2,21,10
gep01,00,2023-11-27,2023-12-18,gcrew,noaa_gefs,01,WindSpeed_ms_mean,21,6.641896038089156
gep01,00,2023-11-27,2023-12-19,gcrew,noaa_gefs,01,AirTemp_C_mean,22,7.543115234375023
gep01,00,2023-11-27,2023-12-19,gcrew,noaa_gefs,01,RH_percent_mean,22,82.2885913848877
gep01,00,2023-11-27,2023-12-19,gcrew,noaa_gefs,01,Rain_mm_sum,22,7.600000008940697
gep01,00,2023-11-27,2023-12-19,gcrew,noaa_gefs,01,ShortwaveRadiation_Wm2,22,42.5
gep01,00,2023-11-27,2023-12-19,gcrew,noaa_gefs,01,WindSpeed_ms_mean,22,5.825227171579426
gep01,00,2023-11-27,2023-12-20,gcrew,noaa_gefs,01,AirTemp_C_mean,23,8.987573242187523
gep01,00,2023-11-27,2023-12-20,gcrew,noaa_gefs,01,RH_percent_mean,23,80.18497467041016
gep01,00,2023-11-27,2023-12-20,gcrew,noaa_gefs,01,Rain_mm_sum,23,0.30000000447034836
gep01,00,2023-11-27,2023-12-20,gcrew,noaa_gefs,01,ShortwaveRadiation_Wm2,23,42.5
gep01,00,2023-11-27,2023-12-20,gcrew,noaa_gefs,01,WindSpeed_ms_mean,23,4.078718289512819
gep01,00,2023-11-27,2023-12-21,gcrew,noaa_gefs,01,AirTemp_C_mean,24,8.525712585449241
gep01,00,2023-11-27,2023-12-21,gcrew,noaa_gefs,01,RH_percent_mean,24,76.58914756774902
gep01,00,2023-11-27,2023-12-21,gcrew,noaa_gefs,01,Rain_mm_sum,24,36.49999952316284
gep01,00,2023-11-27,2023-12-21,gcrew,noaa_gefs,01,ShortwaveRadiation_Wm2,24,75
gep01,00,2023-11-27,2023-12-21,gcrew,noaa_gefs,01,WindSpeed_ms_mean,24,11.62732320451973
gep01,00,2023-11-27,2023-12-22,gcrew,noaa_gefs,01,AirTemp_C_mean,25,6.965997314453148
gep01,00,2023-11-27,2023-12-22,gcrew,noaa_gefs,01,RH_percent_mean,25,62.65604782104492
gep01,00,2023-11-27,2023-12-22,gcrew,noaa_gefs,01,Rain_mm_sum,25,0
gep01,00,2023-11-27,2023-12-22,gcrew,noaa_gefs,01,ShortwaveRadiation_Wm2,25,110
gep01,00,2023-11-27,2023-12-22,gcrew,noaa_gefs,01,WindSpeed_ms_mean,25,8.727689670673977
gep01,00,2023-11-27,2023-12-23,gcrew,noaa_gefs,01,AirTemp_C_mean,26,6.719461059570335
gep01,00,2023-11-27,2023-12-23,gcrew,noaa_gefs,01,RH_percent_mean,26,62.82187747955322
gep01,00,2023-11-27,2023-12-23,gcrew,noaa_gefs,01,Rain_mm_sum,26,0
gep01,00,2023-11-27,2023-12-23,gcrew,noaa_gefs,01,ShortwaveRadiation_Wm2,26,87.5
gep01,00,2023-11-27,2023-12-23,gcrew,noaa_gefs,01,WindSpeed_ms_mean,26,2.369054386272265
gep01,00,2023-11-27,2023-12-24,gcrew,noaa_gefs,01,AirTemp_C_mean,27,5.3032699584961165
gep01,00,2023-11-27,2023-12-24,gcrew,noaa_gefs,01,RH_percent_mean,27,81.36386299133301
gep01,00,2023-11-27,2023-12-24,gcrew,noaa_gefs,01,Rain_mm_sum,27,28.30000114440918
gep01,00,2023-11-27,2023-12-24,gcrew,noaa_gefs,01,ShortwaveRadiation_Wm2,27,57.5
gep01,00,2023-11-27,2023-12-24,gcrew,noaa_gefs,01,WindSpeed_ms_mean,27,4.459078748032569
gep01,00,2023-11-27,2023-12-25,gcrew,noaa_gefs,01,AirTemp_C_mean,28,5.13581237792971
gep01,00,2023-11-27,2023-12-25,gcrew,noaa_gefs,01,RH_percent_mean,28,81.22675704956055
gep01,00,2023-11-27,2023-12-25,gcrew,noaa_gefs,01,Rain_mm_sum,28,1.4999999776482582
gep01,00,2023-11-27,2023-12-25,gcrew,noaa_gefs,01,ShortwaveRadiation_Wm2,28,35
gep01,00,2023-11-27,2023-12-25,gcrew,noaa_gefs,01,WindSpeed_ms_mean,28,4.003474868197337
gep01,00,2023-11-27,2023-12-26,gcrew,noaa_gefs,01,AirTemp_C_mean,29,4.564202880859398
gep01,00,2023-11-27,2023-12-26,gcrew,noaa_gefs,01,RH_percent_mean,29,65.44478416442871
gep01,00,2023-11-27,2023-12-26,gcrew,noaa_gefs,01,Rain_mm_sum,29,0.6000000238418579
gep01,00,2023-11-27,2023-12-26,gcrew,noaa_gefs,01,ShortwaveRadiation_Wm2,29,95
gep01,00,2023-11-27,2023-12-26,gcrew,noaa_gefs,01,WindSpeed_ms_mean,29,4.794088178148612
gep01,00,2023-11-27,2023-12-27,gcrew,noaa_gefs,01,AirTemp_C_mean,30,2.5684982299804915
gep01,00,2023-11-27,2023-12-27,gcrew,noaa_gefs,01,RH_percent_mean,30,61.19670581817627
gep01,00,2023-11-27,2023-12-27,gcrew,noaa_gefs,01,Rain_mm_sum,30,0.20000000298023224
gep01,00,2023-11-27,2023-12-27,gcrew,noaa_gefs,01,ShortwaveRadiation_Wm2,30,103
gep01,00,2023-11-27,2023-12-27,gcrew,noaa_gefs,01,WindSpeed_ms_mean,30,7.929123668297478
gep01,00,2023-11-27,2023-12-28,gcrew,noaa_gefs,01,AirTemp_C_mean,31,0.24892578125002274
gep01,00,2023-11-27,2023-12-28,gcrew,noaa_gefs,01,RH_percent_mean,31,54.894179344177246
gep01,00,2023-11-27,2023-12-28,gcrew,noaa_gefs,01,Rain_mm_sum,31,0
gep01,00,2023-11-27,2023-12-28,gcrew,noaa_gefs,01,ShortwaveRadiation_Wm2,31,107.5
gep01,00,2023-11-27,2023-12-28,gcrew,noaa_gefs,01,WindSpeed_ms_mean,31,8.369389072984506
gep01,00,2023-11-27,2023-12-29,gcrew,noaa_gefs,01,AirTemp_C_mean,32,2.135316467285179
gep01,00,2023-11-27,2023-12-29,gcrew,noaa_gefs,01,RH_percent_mean,32,49.380462646484375
gep01,00,2023-11-27,2023-12-29,gcrew,noaa_gefs,01,Rain_mm_sum,32,0
gep01,00,2023-11-27,2023-12-29,gcrew,noaa_gefs,01,ShortwaveRadiation_Wm2,32,100
gep01,00,2023-11-27,2023-12-29,gcrew,noaa_gefs,01,WindSpeed_ms_mean,32,4.864784430286628
gep01,00,2023-11-27,2023-12-30,gcrew,noaa_gefs,01,AirTemp_C_mean,33,2.2571350097656477
gep01,00,2023-11-27,2023-12-30,gcrew,noaa_gefs,01,RH_percent_mean,33,58.125136375427246
gep01,00,2023-11-27,2023-12-30,gcrew,noaa_gefs,01,Rain_mm_sum,33,0
gep01,00,2023-11-27,2023-12-30,gcrew,noaa_gefs,01,ShortwaveRadiation_Wm2,33,105
gep01,00,2023-11-27,2023-12-30,gcrew,noaa_gefs,01,WindSpeed_ms_mean,33,8.121758892113014
gep01,00,2023-11-27,2023-12-31,gcrew,noaa_gefs,01,AirTemp_C_mean,34,0.35221252441408524
gep01,00,2023-11-27,2023-12-31,gcrew,noaa_gefs,01,RH_percent_mean,34,59.313002586364746
gep01,00,2023-11-27,2023-12-31,gcrew,noaa_gefs,01,Rain_mm_sum,34,0
gep01,00,2023-11-27,2023-12-31,gcrew,noaa_gefs,01,ShortwaveRadiation_Wm2,34,110
gep01,00,2023-11-27,2023-12-31,gcrew,noaa_gefs,01,WindSpeed_ms_mean,34,7.684706090714355
gep01,00,2023-11-27,2024-01-01,gcrew,noaa_gefs,01,AirTemp_C_mean,35,0.9818664550781477
gep01,00,2023-11-27,2024-01-01,gcrew,noaa_gefs,01,RH_percent_mean,35,55.25293731689453
gep01,00,2023-11-27,2024-01-01,gcrew,noaa_gefs,01,Rain_mm_sum,35,0
gep01,00,2023-11-27,2024-01-01,gcrew,noaa_gefs,01,ShortwaveRadiation_Wm2,35,150
gep01,00,2023-11-27,2024-01-01,gcrew,noaa_gefs,01,WindSpeed_ms_mean,35,5.577020295958797
gep02,00,2023-11-27,2023-11-27,gcrew,noaa_gefs,02,AirTemp_C_mean,0,7.930160958426362
gep02,00,2023-11-27,2023-11-27,gcrew,noaa_gefs,02,RH_percent_mean,0,65.77873774937221
gep02,00,2023-11-27,2023-11-27,gcrew,noaa_gefs,02,Rain_mm_sum,0,1.409999966621399
gep02,00,2023-11-27,2023-11-27,gcrew,noaa_gefs,02,ShortwaveRadiation_Wm2,0,120
gep02,00,2023-11-27,2023-11-27,gcrew,noaa_gefs,02,WindSpeed_ms_mean,0,6.98831636820665
gep02,00,2023-11-27,2023-11-28,gcrew,noaa_gefs,02,AirTemp_C_mean,1,3.143903350830101
gep02,00,2023-11-27,2023-11-28,gcrew,noaa_gefs,02,RH_percent_mean,1,51.75671911239624
gep02,00,2023-11-27,2023-11-28,gcrew,noaa_gefs,02,Rain_mm_sum,1,0
gep02,00,2023-11-27,2023-11-28,gcrew,noaa_gefs,02,ShortwaveRadiation_Wm2,1,117.25
gep02,00,2023-11-27,2023-11-28,gcrew,noaa_gefs,02,WindSpeed_ms_mean,1,8.719262777459525
gep02,00,2023-11-27,2023-11-29,gcrew,noaa_gefs,02,AirTemp_C_mean,2,0.5654579162597884
gep02,00,2023-11-27,2023-11-29,gcrew,noaa_gefs,02,RH_percent_mean,2,45.022233963012695
gep02,00,2023-11-27,2023-11-29,gcrew,noaa_gefs,02,Rain_mm_sum,2,0
gep02,00,2023-11-27,2023-11-29,gcrew,noaa_gefs,02,ShortwaveRadiation_Wm2,2,123.75
gep02,00,2023-11-27,2023-11-29,gcrew,noaa_gefs,02,WindSpeed_ms_mean,2,6.168336011919848
gep02,00,2023-11-27,2023-11-30,gcrew,noaa_gefs,02,AirTemp_C_mean,3,5.442548370361351
gep02,00,2023-11-27,2023-11-30,gcrew,noaa_gefs,02,RH_percent_mean,3,51.092037200927734
gep02,00,2023-11-27,2023-11-30,gcrew,noaa_gefs,02,Rain_mm_sum,3,0
gep02,00,2023-11-27,2023-11-30,gcrew,noaa_gefs,02,ShortwaveRadiation_Wm2,3,115
gep02,00,2023-11-27,2023-11-30,gcrew,noaa_gefs,02,WindSpeed_ms_mean,3,4.647622723424587
gep02,00,2023-11-27,2023-12-01,gcrew,noaa_gefs,02,AirTemp_C_mean,4,9.021810150146507
gep02,00,2023-11-27,2023-12-01,gcrew,noaa_gefs,02,RH_percent_mean,4,66.71106433868408
gep02,00,2023-11-27,2023-12-01,gcrew,noaa_gefs,02,Rain_mm_sum,4,0.9099999666213989
gep02,00,2023-11-27,2023-12-01,gcrew,noaa_gefs,02,ShortwaveRadiation_Wm2,4,56.25
gep02,00,2023-11-27,2023-12-01,gcrew,noaa_gefs,02,WindSpeed_ms_mean,4,5.704241102456863
gep02,00,2023-11-27,2023-12-02,gcrew,noaa_gefs,02,AirTemp_C_mean,5,11.22754821777346
gep02,00,2023-11-27,2023-12-02,gcrew,noaa_gefs,02,RH_percent_mean,5,89.3065881729126
gep02,00,2023-11-27,2023-12-02,gcrew,noaa_gefs,02,Rain_mm_sum,5,2.1299999933689833
gep02,00,2023-11-27,2023-12-02,gcrew,noaa_gefs,02,ShortwaveRadiation_Wm2,5,68.75
gep02,00,2023-11-27,2023-12-02,gcrew,noaa_gefs,02,WindSpeed_ms_mean,5,3.257810854788391
gep02,00,2023-11-27,2023-12-03,gcrew,noaa_gefs,02,AirTemp_C_mean,6,11.987805938720726
gep02,00,2023-11-27,2023-12-03,gcrew,noaa_gefs,02,RH_percent_mean,6,95.10680103302002
gep02,00,2023-11-27,2023-12-03,gcrew,noaa_gefs,02,Rain_mm_sum,6,40.17000102996826
gep02,00,2023-11-27,2023-12-03,gcrew,noaa_gefs,02,ShortwaveRadiation_Wm2,6,25
gep02,00,2023-11-27,2023-12-03,gcrew,noaa_gefs,02,WindSpeed_ms_mean,6,3.011062993601093
gep02,00,2023-11-27,2023-12-04,gcrew,noaa_gefs,02,AirTemp_C_mean,7,10.208066558837913
gep02,00,2023-11-27,2023-12-04,gcrew,noaa_gefs,02,RH_percent_mean,7,69.40479469299316
gep02,00,2023-11-27,2023-12-04,gcrew,noaa_gefs,02,Rain_mm_sum,7,0.10000000149011612
gep02,00,2023-11-27,2023-12-04,gcrew,noaa_gefs,02,ShortwaveRadiation_Wm2,7,83.75
gep02,00,2023-11-27,2023-12-04,gcrew,noaa_gefs,02,WindSpeed_ms_mean,7,4.650060705382802
gep02,00,2023-11-27,2023-12-05,gcrew,noaa_gefs,02,AirTemp_C_mean,8,7.09925231933596
gep02,00,2023-11-27,2023-12-05,gcrew,noaa_gefs,02,RH_percent_mean,8,59.26151514053345
gep02,00,2023-11-27,2023-12-05,gcrew,noaa_gefs,02,Rain_mm_sum,8,0
gep02,00,2023-11-27,2023-12-05,gcrew,noaa_gefs,02,ShortwaveRadiation_Wm2,8,90
gep02,00,2023-11-27,2023-12-05,gcrew,noaa_gefs,02,WindSpeed_ms_mean,8,4.769365907420658
gep02,00,2023-11-27,2023-12-06,gcrew,noaa_gefs,02,AirTemp_C_mean,9,5.801030731201195
gep02,00,2023-11-27,2023-12-06,gcrew,noaa_gefs,02,RH_percent_mean,9,66.42868709564209
gep02,00,2023-11-27,2023-12-06,gcrew,noaa_gefs,02,Rain_mm_sum,9,0.10000000149011612
gep02,00,2023-11-27,2023-12-06,gcrew,noaa_gefs,02,ShortwaveRadiation_Wm2,9,73.75
gep02,00,2023-11-27,2023-12-06,gcrew,noaa_gefs,02,WindSpeed_ms_mean,9,5.121497430910974
gep02,00,2023-11-27,2023-12-07,gcrew,noaa_gefs,02,AirTemp_C_mean,10,4.628167724609398
gep02,00,2023-11-27,2023-12-07,gcrew,noaa_gefs,02,RH_percent_mean,10,60.15670585632324
gep02,00,2023-11-27,2023-12-07,gcrew,noaa_gefs,02,Rain_mm_sum,10,0.10000000149011612
gep02,00,2023-11-27,2023-12-07,gcrew,noaa_gefs,02,ShortwaveRadiation_Wm2,10,80
gep02,00,2023-11-27,2023-12-07,gcrew,noaa_gefs,02,WindSpeed_ms_mean,10,6.409377329262826
gep02,00,2023-11-27,2023-12-08,gcrew,noaa_gefs,02,AirTemp_C_mean,11,7.60364685058596
gep02,00,2023-11-27,2023-12-08,gcrew,noaa_gefs,02,RH_percent_mean,11,60.32244300842285
gep02,00,2023-11-27,2023-12-08,gcrew,noaa_gefs,02,Rain_mm_sum,11,0
gep02,00,2023-11-27,2023-12-08,gcrew,noaa_gefs,02,ShortwaveRadiation_Wm2,11,85
gep02,00,2023-11-27,2023-12-08,gcrew,noaa_gefs,02,WindSpeed_ms_mean,11,2.9631373493483464
gep02,00,2023-11-27,2023-12-09,gcrew,noaa_gefs,02,AirTemp_C_mean,12,9.189378356933616
gep02,00,2023-11-27,2023-12-09,gcrew,noaa_gefs,02,RH_percent_mean,12,70.98326873779297
gep02,00,2023-11-27,2023-12-09,gcrew,noaa_gefs,02,Rain_mm_sum,12,0
gep02,00,2023-11-27,2023-12-09,gcrew,noaa_gefs,02,ShortwaveRadiation_Wm2,12,92.5
gep02,00,2023-11-27,2023-12-09,gcrew,noaa_gefs,02,WindSpeed_ms_mean,12,4.254736907169081
gep02,00,2023-11-27,2023-12-10,gcrew,noaa_gefs,02,AirTemp_C_mean,13,12.441644287109398
gep02,00,2023-11-27,2023-12-10,gcrew,noaa_gefs,02,RH_percent_mean,13,82.82262802124023
gep02,00,2023-11-27,2023-12-10,gcrew,noaa_gefs,02,Rain_mm_sum,13,0.800000011920929
gep02,00,2023-11-27,2023-12-10,gcrew,noaa_gefs,02,ShortwaveRadiation_Wm2,13,52.5
gep02,00,2023-11-27,2023-12-10,gcrew,noaa_gefs,02,WindSpeed_ms_mean,13,7.214954621995648
gep02,00,2023-11-27,2023-12-11,gcrew,noaa_gefs,02,AirTemp_C_mean,14,8.196138000488304
gep02,00,2023-11-27,2023-12-11,gcrew,noaa_gefs,02,RH_percent_mean,14,67.96190357208252
gep02,00,2023-11-27,2023-12-11,gcrew,noaa_gefs,02,Rain_mm_sum,14,36.89999961853027
gep02,00,2023-11-27,2023-12-11,gcrew,noaa_gefs,02,ShortwaveRadiation_Wm2,14,77.5
gep02,00,2023-11-27,2023-12-11,gcrew,noaa_gefs,02,WindSpeed_ms_mean,14,9.841349318979457
gep02,00,2023-11-27,2023-12-12,gcrew,noaa_gefs,02,AirTemp_C_mean,15,4.513063049316429
gep02,00,2023-11-27,2023-12-12,gcrew,noaa_gefs,02,RH_percent_mean,15,51.38350963592529
gep02,00,2023-11-27,2023-12-12,gcrew,noaa_gefs,02,Rain_mm_sum,15,0
gep02,00,2023-11-27,2023-12-12,gcrew,noaa_gefs,02,ShortwaveRadiation_Wm2,15,115
gep02,00,2023-11-27,2023-12-12,gcrew,noaa_gefs,02,WindSpeed_ms_mean,15,6.445321660564322
gep02,00,2023-11-27,2023-12-13,gcrew,noaa_gefs,02,AirTemp_C_mean,16,6.0189071655273665
gep02,00,2023-11-27,2023-12-13,gcrew,noaa_gefs,02,RH_percent_mean,16,54.307085037231445
gep02,00,2023-11-27,2023-12-13,gcrew,noaa_gefs,02,Rain_mm_sum,16,0
gep02,00,2023-11-27,2023-12-13,gcrew,noaa_gefs,02,ShortwaveRadiation_Wm2,16,95
gep02,00,2023-11-27,2023-12-13,gcrew,noaa_gefs,02,WindSpeed_ms_mean,16,4.919506652192801
gep02,00,2023-11-27,2023-12-14,gcrew,noaa_gefs,02,AirTemp_C_mean,17,1.9536911010742415
gep02,00,2023-11-27,2023-12-14,gcrew,noaa_gefs,02,RH_percent_mean,17,54.30481147766113
gep02,00,2023-11-27,2023-12-14,gcrew,noaa_gefs,02,Rain_mm_sum,17,0
gep02,00,2023-11-27,2023-12-14,gcrew,noaa_gefs,02,ShortwaveRadiation_Wm2,17,102.5
gep02,00,2023-11-27,2023-12-14,gcrew,noaa_gefs,02,WindSpeed_ms_mean,17,6.970441376959462
gep02,00,2023-11-27,2023-12-15,gcrew,noaa_gefs,02,AirTemp_C_mean,18,4.5534530639648665
gep02,00,2023-11-27,2023-12-15,gcrew,noaa_gefs,02,RH_percent_mean,18,48.15119743347168
gep02,00,2023-11-27,2023-12-15,gcrew,noaa_gefs,02,Rain_mm_sum,18,0
gep02,00,2023-11-27,2023-12-15,gcrew,noaa_gefs,02,ShortwaveRadiation_Wm2,18,110
gep02,00,2023-11-27,2023-12-15,gcrew,noaa_gefs,02,WindSpeed_ms_mean,18,6.043071901033547
gep02,00,2023-11-27,2023-12-16,gcrew,noaa_gefs,02,AirTemp_C_mean,19,7.143457031250023
gep02,00,2023-11-27,2023-12-16,gcrew,noaa_gefs,02,RH_percent_mean,19,52.20172309875488
gep02,00,2023-11-27,2023-12-16,gcrew,noaa_gefs,02,Rain_mm_sum,19,0
gep02,00,2023-11-27,2023-12-16,gcrew,noaa_gefs,02,ShortwaveRadiation_Wm2,19,111.5
gep02,00,2023-11-27,2023-12-16,gcrew,noaa_gefs,02,WindSpeed_ms_mean,19,5.818199168438026
gep02,00,2023-11-27,2023-12-17,gcrew,noaa_gefs,02,AirTemp_C_mean,20,6.060304260253929
gep02,00,2023-11-27,2023-12-17,gcrew,noaa_gefs,02,RH_percent_mean,20,73.71020603179932
gep02,00,2023-11-27,2023-12-17,gcrew,noaa_gefs,02,Rain_mm_sum,20,0
gep02,00,2023-11-27,2023-12-17,gcrew,noaa_gefs,02,ShortwaveRadiation_Wm2,20,67.5
gep02,00,2023-11-27,2023-12-17,gcrew,noaa_gefs,02,WindSpeed_ms_mean,20,4.95647322638626
gep02,00,2023-11-27,2023-12-18,gcrew,noaa_gefs,02,AirTemp_C_mean,21,7.519563293457054
gep02,00,2023-11-27,2023-12-18,gcrew,noaa_gefs,02,RH_percent_mean,21,87.2380199432373
gep02,00,2023-11-27,2023-12-18,gcrew,noaa_gefs,02,Rain_mm_sum,21,14.800000309944153
gep02,00,2023-11-27,2023-12-18,gcrew,noaa_gefs,02,ShortwaveRadiation_Wm2,21,10
gep02,00,2023-11-27,2023-12-18,gcrew,noaa_gefs,02,WindSpeed_ms_mean,21,6.641896038089156
gep02,00,2023-11-27,2023-12-19,gcrew,noaa_gefs,02,AirTemp_C_mean,22,7.543115234375023
gep02,00,2023-11-27,2023-12-19,gcrew,noaa_gefs,02,RH_percent_mean,22,82.2885913848877
gep02,00,2023-11-27,2023-12-19,gcrew,noaa_gefs,02,Rain_mm_sum,22,7.600000008940697
gep02,00,2023-11-27,2023-12-19,gcrew,noaa_gefs,02,ShortwaveRadiation_Wm2,22,42.5
gep02,00,2023-11-27,2023-12-19,gcrew,noaa_gefs,02,WindSpeed_ms_mean,22,5.825227171579426
gep02,00,2023-11-27,2023-12-20,gcrew,noaa_gefs,02,AirTemp_C_mean,23,8.987573242187523
gep02,00,2023-11-27,2023-12-20,gcrew,noaa_gefs,02,RH_percent_mean,23,80.18497467041016
gep02,00,2023-11-27,2023-12-20,gcrew,noaa_gefs,02,Rain_mm_sum,23,0.30000000447034836
gep02,00,2023-11-27,2023-12-20,gcrew,noaa_gefs,02,ShortwaveRadiation_Wm2,23,42.5
gep02,00,2023-11-27,2023-12-20,gcrew,noaa_gefs,02,WindSpeed_ms_mean,23,4.078718289512819
gep02,00,2023-11-27,2023-12-21,gcrew,noaa_gefs,02,AirTemp_C_mean,24,8.525712585449241
gep02,00,2023-11-27,2023-12-21,gcrew,noaa_gefs,02,RH_percent_mean,24,76.58914756774902
gep02,00,2023-11-27,2023-12-21,gcrew,noaa_gefs,02,Rain_mm_sum,24,36.49999952316284
gep02,00,2023-11-27,2023-12-21,gcrew,noaa_gefs,02,ShortwaveRadiation_Wm2,24,75
gep02,00,2023-11-27,2023-12-21,gcrew,noaa_gefs,02,WindSpeed_ms_mean,24,11.62732320451973
gep02,00,2023-11-27,2023-12-22,gcrew,noaa_gefs,02,AirTemp_C_mean,25,6.965997314453148
gep02,00,2023-11-27,2023-12-22,gcrew,noaa_gefs,02,RH_percent_mean,25,62.65604782104492
gep02,00,2023-11-27,2023-12-22,gcrew,noaa_gefs,02,Rain_mm_sum,25,0
gep02,00,2023-11-27,2023-12-22,gcrew,noaa_gefs,02,ShortwaveRadiation_Wm2,25,110
gep02,00,2023-11-27,2023-12-22,gcrew,noaa_gefs,02,WindSpeed_ms_mean,25,8.727689670673977
gep02,00,2023-11-27,2023-12-23,gcrew,noaa_gefs,02,AirTemp_C_mean,26,6.719461059570335
gep02,00,2023-11-27,2023-12-23,gcrew,noaa_gefs,02,RH_percent_mean,26,62.82187747955322
gep02,00,2023-11-27,2023-12-23,gcrew,noaa_gefs,02,Rain_mm_sum,26,0
gep02,00,2023-11-27,2023-12-23,gcrew,noaa_gefs,02,ShortwaveRadiation_Wm2,26,87.5
gep02,00,2023-11-27,2023-12-23,gcrew,noaa_gefs,02,WindSpeed_ms_mean,26,2.369054386272265
gep02,00,2023-11-27,2023-12-24,gcrew,noaa_gefs,02,AirTemp_C_mean,27,5.3032699584961165
gep02,00,2023-11-27,2023-12-24,gcrew,noaa_gefs,02,RH_percent_mean,27,81.36386299133301
gep02,00,2023-11-27,2023-12-24,gcrew,noaa_gefs,02,Rain_mm_sum,27,28.30000114440918
gep02,00,2023-11-27,2023-12-24,gcrew,noaa_gefs,02,ShortwaveRadiation_Wm2,27,57.5
gep02,00,2023-11-27,2023-12-24,gcrew,noaa_gefs,02,WindSpeed_ms_mean,27,4.459078748032569
gep02,00,2023-11-27,2023-12-25,gcrew,noaa_gefs,02,AirTemp_C_mean,28,5.13581237792971
gep02,00,2023-11-27,2023-12-25,gcrew,noaa_gefs,02,RH_percent_mean,28,81.22675704956055
gep02,00,2023-11-27,2023-12-25,gcrew,noaa_gefs,02,Rain_mm_sum,28,1.4999999776482582
gep02,00,2023-11-27,2023-12-25,gcrew,noaa_gefs,02,ShortwaveRadiation_Wm2,28,35
gep02,00,2023-11-27,2023-12-25,gcrew,noaa_gefs,02,WindSpeed_ms_mean,28,4.003474868197337
gep02,00,2023-11-27,2023-12-26,gcrew,noaa_gefs,02,AirTemp_C_mean,29,4.564202880859398
gep02,00,2023-11-27,2023-12-26,gcrew,noaa_gefs,02,RH_percent_mean,29,65.44478416442871
gep02,00,2023-11-27,2023-12-26,gcrew,noaa_gefs,02,Rain_mm_sum,29,0.6000000238418579
gep02,00,2023-11-27,2023-12-26,gcrew,noaa_gefs,02,ShortwaveRadiation_Wm2,29,95
gep02,00,2023-11-27,2023-12-26,gcrew,noaa_gefs,02,WindSpeed_ms_mean,29,4.794088178148612
gep02,00,2023-11-27,2023-12-27,gcrew,noaa_gefs,02,AirTemp_C_mean,30,2.5684982299804915
gep02,00,2023-11-27,2023-12-27,gcrew,noaa_gefs,02,RH_percent_mean,30,61.19670581817627
gep02,00,2023-11-27,2023-12-27,gcrew,noaa_gefs,02,Rain_mm_sum,30,0.20000000298023224
gep02,00,2023-11-27,2023-12-27,gcrew,noaa_gefs,02,ShortwaveRadiation_Wm2,30,103
gep02,00,2023-11-27,2023-12-27,gcrew,noaa_gefs,02,WindSpeed_ms_mean,30,7.929123668297478
gep02,00,2023-11-27,2023-12-28,gcrew,noaa_gefs,02,AirTemp_C_mean,31,0.24892578125002274
gep02,00,2023-11-27,2023-12-28,gcrew,noaa_gefs,02,RH_percent_mean,31,54.894179344177246
gep02,00,2023-11-27,2023-12-28,gcrew,noaa_gefs,02,Rain_mm_sum,31,0
gep02,00,2023-11-27,2023-12-28,gcrew,noaa_gefs,02,ShortwaveRadiation_Wm2,31,107.5
gep02,00,2023-11-27,2023-12-28,gcrew,noaa_gefs,02,WindSpeed_ms_mean,31,8.369389072984506
gep02,00,2023-11-27,2023-12-29,gcrew,noaa_gefs,02,AirTemp_C_mean,32,2.135316467285179
gep02,00,2023-11-27,2023-12-29,gcrew,noaa_gefs,02,RH_percent_mean,32,49.380462646484375
gep02,00,2023-11-27,2023-12-29,gcrew,noaa_gefs,02,Rain_mm_sum,32,0
gep02,00,2023-11-27,2023-12-29,gcrew,noaa_gefs,02,ShortwaveRadiation_Wm2,32,100
gep02,00,2023-11-27,2023-12-29,gcrew,noaa_gefs,02,WindSpeed_ms_mean,32,4.864784430286628
gep02,00,2023-11-27,2023-12-30,gcrew,noaa_gefs,02,AirTemp_C_mean,33,2.2571350097656477
gep02,00,2023-11-27,2023-12-30,gcrew,noaa_gefs,02,RH_percent_mean,33,58.125136375427246
gep02,00,2023-11-27,2023-12-30,gcrew,noaa_gefs,02,Rain_mm_sum,33,0
gep02,00,2023-11-27,2023-12-30,gcrew,noaa_gefs,02,ShortwaveRadiation_Wm2,33,105
gep02,00,2023-11-27,2023-12-30,gcrew,noaa_gefs,02,WindSpeed_ms_mean,33,8.121758892113014
gep02,00,2023-11-27,2023-12-31,gcrew,noaa_gefs,02,AirTemp_C_mean,34,0.35221252441408524
gep02,00,2023-11-27,2023-12-31,gcrew,noaa_gefs,02,RH_percent_mean,34,59.313002586364746
gep02,00,2023-11-27,2023-12-31,gcrew,noaa_gefs,02,Rain_mm_sum,34,0
gep02,00,2023-11-27,2023-12-31,gcrew,noaa_gefs,02,ShortwaveRadiation_Wm2,34,110
gep02,00,2023-11-27,2023-12-31,gcrew,noaa_gefs,02,WindSpeed_ms_mean,34,7.684706090714355
gep02,00,2023-11-27,2024-01-01,gcrew,noaa_gefs,02,AirTemp_C_mean,35,0.9818664550781477
gep02,00,2023-11-27,2024-01-01,gcrew,noaa_gefs,02,RH_percent_mean,35,55.25293731689453
gep02,00,2023-11-27,2024-01-01,gcrew,noaa_gefs,02,Rain_mm_sum,35,0
gep02,00,2023-11-27,2024-01-01,gcrew,noaa_gefs,02,ShortwaveRadiation_Wm2,35,150
gep02,00,2023-11-27,2024-01-01,gcrew,noaa_gefs,02,WindSpeed_ms_mean,35,5.577020295958797
gep03,00,2023-11-27,2023-11-27,gcrew,noaa_gefs,03,AirTemp_C_mean,0,7.930160958426362
gep03,00,2023-11-27,2023-11-27,gcrew,noaa_gefs,03,RH_percent_mean,0,65.77873774937221
gep03,00,2023-11-27,2023-11-27,gcrew,noaa_gefs,03,Rain_mm_sum,0,1.409999966621399
gep03,00,2023-11-27,2023-11-27,gcrew,noaa_gefs,03,ShortwaveRadiation_Wm2,0,120
gep03,00,2023-11-27,2023-11-27,gcrew,noaa_gefs,03,WindSpeed_ms_mean,0,6.98831636820665
gep03,00,2023-11-27,2023-11-28,gcrew,noaa_gefs,03,AirTemp_C_mean,1,3.143903350830101
gep03,00,2023-11-27,2023-11-28,gcrew,noaa_gefs,03,RH_percent_mean,1,51.75671911239624
gep03,00,2023-11-27,2023-11-28,gcrew,noaa_gefs,03,Rain_mm_sum,1,0
gep03,00,2023-11-27,2023-11-28,gcrew,noaa_gefs,03,ShortwaveRadiation_Wm2,1,117.25
gep03,00,2023-11-27,2023-11-28,gcrew,noaa_gefs,03,WindSpeed_ms_mean,1,8.719262777459525
gep03,00,2023-11-27,2023-11-29,gcrew,noaa_gefs,03,AirTemp_C_mean,2,0.5654579162597884
gep03,00,2023-11-27,2023-11-29,gcrew,noaa_gefs,03,RH_percent_mean,2,45.022233963012695
gep03,00,2023-11-27,2023-11-29,gcrew,noaa_gefs,03,Rain_mm_sum,2,0
gep03,00,2023-11-27,2023-11-29,gcrew,noaa_gefs,03,ShortwaveRadiation_Wm2,2,123.75
gep03,00,2023-11-27,2023-11-29,gcrew,noaa_gefs,03,WindSpeed_ms_mean,2,6.168336011919848
gep03,00,2023-11-27,2023-11-30,gcrew,noaa_gefs,03,AirTemp_C_mean,3,5.442548370361351
gep03,00,2023-11-27,2023-11-30,gcrew,noaa_gefs,03,RH_percent_mean,3,51.092037200927734
gep03,00,2023-11-27,2023-11-30,gcrew,noaa_gefs,03,Rain_mm_sum,3,0
gep03,00,2023-11-27,2023-11-30,gcrew,noaa_gefs,03,ShortwaveRadiation_Wm2,3,115
gep03,00,2023-11-27,2023-11-30,gcrew,noaa_gefs,03,WindSpeed_ms_mean,3,4.647622723424587
gep03,00,2023-11-27,2023-12-01,gcrew,noaa_gefs,03,AirTemp_C_mean,4,9.021810150146507
gep03,00,2023-11-27,2023-12-01,gcrew,noaa_gefs,03,RH_percent_mean,4,66.71106433868408
gep03,00,2023-11-27,2023-12-01,gcrew,noaa_gefs,03,Rain_mm_sum,4,0.9099999666213989
gep03,00,2023-11-27,2023-12-01,gcrew,noaa_gefs,03,ShortwaveRadiation_Wm2,4,56.25
gep03,00,2023-11-27,2023-12-01,gcrew,noaa_gefs,03,WindSpeed_ms_mean,4,5.704241102456863
gep03,00,2023-11-27,2023-12-02,gcrew,noaa_gefs,03,AirTemp_C_mean,5,11.22754821777346
gep03,00,2023-11-27,2023-12-02,gcrew,noaa_gefs,03,RH_percent_mean,5,89.3065881729126
gep03,00,2023-11-27,2023-12-02,gcrew,noaa_gefs,03,Rain_mm_sum,5,2.1299999933689833
gep03,00,2023-11-27,2023-12-02,gcrew,noaa_gefs,03,ShortwaveRadiation_Wm2,5,68.75
gep03,00,2023-11-27,2023-12-02,gcrew,noaa_gefs,03,WindSpeed_ms_mean,5,3.257810854788391
gep03,00,2023-11-27,2023-12-03,gcrew,noaa_gefs,03,AirTemp_C_mean,6,11.987805938720726
gep03,00,2023-11-27,2023-12-03,gcrew,noaa_gefs,03,RH_percent_mean,6,95.10680103302002
gep03,00,2023-11-27,2023-12-03,gcrew,noaa_gefs,03,Rain_mm_sum,6,40.17000102996826
gep03,00,2023-11-27,2023-12-03,gcrew,noaa_gefs,03,ShortwaveRadiation_Wm2,6,25
gep03,00,2023-11-27,2023-12-03,gcrew,noaa_gefs,03,WindSpeed_ms_mean,6,3.011062993601093
gep03,00,2023-11-27,2023-12-04,gcrew,noaa_gefs,03,AirTemp_C_mean,7,10.208066558837913
gep03,00,2023-11-27,2023-12-04,gcrew,noaa_gefs,03,RH_percent_mean,7,69.40479469299316
gep03,00,2023-11-27,2023-12-04,gcrew,noaa_gefs,03,Rain_mm_sum,7,0.10000000149011612
gep03,00,2023-11-27,2023-12-04,gcrew,noaa_gefs,03,ShortwaveRadiation_Wm2,7,83.75
gep03,00,2023-11-27,2023-12-04,gcrew,noaa_gefs,03,WindSpeed_ms_mean,7,4.650060705382802
gep03,00,2023-11-27,2023-12-05,gcrew,noaa_gefs,03,AirTemp_C_mean,8,7.09925231933596
gep03,00,2023-11-27,2023-12-05,gcrew,noaa_gefs,03,RH_percent_mean,8,59.26151514053345
gep03,00,2023-11-27,2023-12-05,gcrew,noaa_gefs,03,Rain_mm_sum,8,0
gep03,00,2023-11-27,2023-12-05,gcrew,noaa_gefs,03,ShortwaveRadiation_Wm2,8,90
gep03,00,2023-11-27,2023-12-05,gcrew,noaa_gefs,03,WindSpeed_ms_mean,8,4.769365907420658
gep03,00,2023-11-27,2023-12-06,gcrew,noaa_gefs,03,AirTemp_C_mean,9,5.801030731201195
gep03,00,2023-11-27,2023-12-06,gcrew,noaa_gefs,03,RH_percent_mean,9,66.42868709564209
gep03,00,2023-11-27,2023-12-06,gcrew,noaa_gefs,03,Rain_mm_sum,9,0.10000000149011612
gep03,00,2023-11-27,2023-12-06,gcrew,noaa_gefs,03,ShortwaveRadiation_Wm2,9,73.75
gep03,00,2023-11-27,2023-12-06,gcrew,noaa_gefs,03,WindSpeed_ms_mean,9,5.121497430910974
gep03,00,2023-11-27,2023-12-07,gcrew,noaa_gefs,03,AirTemp_C_mean,10,4.628167724609398
gep03,00,2023-11-27,2023-12-07,gcrew,noaa_gefs,03,RH_percent_mean,10,60.15670585632324
gep03,00,2023-11-27,2023-12-07,gcrew,noaa_gefs,03,Rain_mm_sum,10,0.10000000149011612
gep03,00,2023-11-27,2023-12-07,gcrew,noaa_gefs,03,ShortwaveRadiation_Wm2,10,80
gep03,00,2023-11-27,2023-12-07,gcrew,noaa_gefs,03,WindSpeed_ms_mean,10,6.409377329262826
gep03,00,2023-11-27,2023-12-08,gcrew,noaa_gefs,03,AirTemp_C_mean,11,7.60364685058596
gep03,00,2023-11-27,2023-12-08,gcrew,noaa_gefs,03,RH_percent_mean,11,60.32244300842285
gep03,00,2023-11-27,2023-12-08,gcrew,noaa_gefs,03,Rain_mm_sum,11,0
gep03,00,2023-11-27,2023-12-08,gcrew,noaa_gefs,03,ShortwaveRadiation_Wm2,11,85
gep03,00,2023-11-27,2023-12-08,gcrew,noaa_gefs,03,WindSpeed_ms_mean,11,2.9631373493483464
gep03,00,2023-11-27,2023-12-09,gcrew,noaa_gefs,03,AirTemp_C_mean,12,9.189378356933616
gep03,00,2023-11-27,2023-12-09,gcrew,noaa_gefs,03,RH_percent_mean,12,70.98326873779297
gep03,00,2023-11-27,2023-12-09,gcrew,noaa_gefs,03,Rain_mm_sum,12,0
gep03,00,2023-11-27,2023-12-09,gcrew,noaa_gefs,03,ShortwaveRadiation_Wm2,12,92.5
gep03,00,2023-11-27,2023-12-09,gcrew,noaa_gefs,03,WindSpeed_ms_mean,12,4.254736907169081
gep03,00,2023-11-27,2023-12-10,gcrew,noaa_gefs,03,AirTemp_C_mean,13,12.441644287109398
gep03,00,2023-11-27,2023-12-10,gcrew,noaa_gefs,03,RH_percent_mean,13,82.82262802124023
gep03,00,2023-11-27,2023-12-10,gcrew,noaa_gefs,03,Rain_mm_sum,13,0.800000011920929
gep03,00,2023-11-27,2023-12-10,gcrew,noaa_gefs,03,ShortwaveRadiation_Wm2,13,52.5
gep03,00,2023-11-27,2023-12-10,gcrew,noaa_gefs,03,WindSpeed_ms_mean,13,7.214954621995648
gep03,00,2023-11-27,2023-12-11,gcrew,noaa_gefs,03,AirTemp_C_mean,14,8.196138000488304
gep03,00,2023-11-27,2023-12-11,gcrew,noaa_gefs,03,RH_percent_mean,14,67.96190357208252
gep03,00,2023-11-27,2023-12-11,gcrew,noaa_gefs,03,Rain_mm_sum,14,36.89999961853027
gep03,00,2023-11-27,2023-12-11,gcrew,noaa_gefs,03,ShortwaveRadiation_Wm2,14,77.5
gep03,00,2023-11-27,2023-12-11,gcrew,noaa_gefs,03,WindSpeed_ms_mean,14,9.841349318979457
gep03,00,2023-11-27,2023-12-12,gcrew,noaa_gefs,03,AirTemp_C_mean,15,4.513063049316429
gep03,00,2023-11-27,2023-12-12,gcrew,noaa_gefs,03,RH_percent_mean,15,51.38350963592529
gep03,00,2023-11-27,2023-12-12,gcrew,noaa_gefs,03,Rain_mm_sum,15,0
gep03,00,2023-11-27,2023-12-12,gcrew,noaa_gefs,03,ShortwaveRadiation_Wm2,15,115
gep03,00,2023-11-27,2023-12-12,gcrew,noaa_gefs,03,WindSpeed_ms_mean,15,6.445321660564322
gep03,00,2023-11-27,2023-12-13,gcrew,noaa_gefs,03,AirTemp_C_mean,16,6.0189071655273665
gep03,00,2023-11-27,2023-12-13,gcrew,noaa_gefs,03,RH_percent_mean,16,54.307085037231445
gep03,00,2023-11-27,2023-12-13,gcrew,noaa_gefs,03,Rain_mm_sum,16,0
gep03,00,2023-11-27,2023-12-13,gcrew,noaa_gefs,03,ShortwaveRadiation_Wm2,16,95
gep03,00,2023-11-27,2023-12-13,gcrew,noaa_gefs,03,WindSpeed_ms_mean,16,4.919506652192801
gep03,00,2023-11-27,2023-12-14,gcrew,noaa_gefs,03,AirTemp_C_mean,17,1.9536911010742415
gep03,00,2023-11-27,2023-12-14,gcrew,noaa_gefs,03,RH_percent_mean,17,54.30481147766113
gep03,00,2023-11-27,2023-12-14,gcrew,noaa_gefs,03,Rain_mm_sum,17,0
gep03,00,2023-11-27,2023-12-14,gcrew,noaa_gefs,03,ShortwaveRadiation_Wm2,17,102.5
gep03,00,2023-11-27,2023-12-14,gcrew,noaa_gefs,03,WindSpeed_ms_mean,17,6.970441376959462
gep03,00,2023-11-27,2023-12-15,gcrew,noaa_gefs,03,AirTemp_C_mean,18,4.5534530639648665
gep03,00,2023-11-27,2023-12-15,gcrew,noaa_gefs,03,RH_percent_mean,18,48.15119743347168
gep03,00,2023-11-27,2023-12-15,gcrew,noaa_gefs,03,Rain_mm_sum,18,0
gep03,00,2023-11-27,2023-12-15,gcrew,noaa_gefs,03,ShortwaveRadiation_Wm2,18,110
gep03,00,2023-11-27,2023-12-15,gcrew,noaa_gefs,03,WindSpeed_ms_mean,18,6.043071901033547
gep03,00,2023-11-27,2023-12-16,gcrew,noaa_gefs,03,AirTemp_C_mean,19,7.143457031250023
gep03,00,2023-11-27,2023-12-16,gcrew,noaa_gefs,03,RH_percent_mean,19,52.20172309875488
gep03,00,2023-11-27,2023-12-16,gcrew,noaa_gefs,03,Rain_mm_sum,19,0
gep03,00,2023-11-27,2023-12-16,gcrew,noaa_gefs,03,ShortwaveRadiation_Wm2,19,111.5
gep03,00,2023-11-27,2023-12-16,gcrew,noaa_gefs,03,WindSpeed_ms_mean,19,5.818199168438026
gep03,00,2023-11-27,2023-12-17,gcrew,noaa_gefs,03,AirTemp_C_mean,20,6.060304260253929
gep03,00,2023-11-27,2023-12-17,gcrew,noaa_gefs,03,RH_percent_mean,20,73.71020603179932
gep03,00,2023-11-27,2023-12-17,gcrew,noaa_gefs,03,Rain_mm_sum,20,0
gep03,00,2023-11-27,2023-12-17,gcrew,noaa_gefs,03,ShortwaveRadiation_Wm2,20,67.5
gep03,00,2023-11-27,2023-12-17,gcrew,noaa_gefs,03,WindSpeed_ms_mean,20,4.95647322638626
gep03,00,2023-11-27,2023-12-18,gcrew,noaa_gefs,03,AirTemp_C_mean,21,7.519563293457054
gep03,00,2023-11-27,2023-12-18,gcrew,noaa_gefs,03,RH_percent_mean,21,87.2380199432373
gep03,00,2023-11-27,2023-12-18,gcrew,noaa_gefs,03,Rain_mm_sum,21,14.800000309944153
gep03,00,2023-11-27,2023-12-18,gcrew,noaa_gefs,03,ShortwaveRadiation_Wm2,21,10
gep03,00,2023-11-27,2023-12-18,gcrew,noaa_gefs,03,WindSpeed_ms_mean,21,6.641896038089156
gep03,00,2023-11-27,2023-12-19,gcrew,noaa_gefs,03,AirTemp_C_mean,22,7.543115234375023
gep03,00,2023-11-27,2023-12-19,gcrew,noaa_gefs,03,RH_percent_mean,22,82.2885913848877
gep03,00,2023-11-27,2023-12-19,gcrew,noaa_gefs,03,Rain_mm_sum,22,7.600000008940697
gep03,00,2023-11-27,2023-12-19,gcrew,noaa_gefs,03,ShortwaveRadiation_Wm2,22,42.5
gep03,00,2023-11-27,2023-12-19,gcrew,noaa_gefs,03,WindSpeed_ms_mean,22,5.825227171579426
gep03,00,2023-11-27,2023-12-20,gcrew,noaa_gefs,03,AirTemp_C_mean,23,8.987573242187523
gep03,00,2023-11-27,2023-12-20,gcrew,noaa_gefs,03,RH_percent_mean,23,80.18497467041016
gep03,00,2023-11-27,2023-12-20,gcrew,noaa_gefs,03,Rain_mm_sum,23,0.30000000447034836
gep03,00,2023-11-27,2023-12-20,gcrew,noaa_gefs,03,ShortwaveRadiation_Wm2,23,42.5
gep03,00,2023-11-27,2023-12-20,gcrew,noaa_gefs,03,WindSpeed_ms_mean,23,4.078718289512819
gep03,00,2023-11-27,2023-12-21,gcrew,noaa_gefs,03,AirTemp_C_mean,24,8.525712585449241
gep03,00,2023-11-27,2023-12-21,gcrew,noaa_gefs,03,RH_percent_mean,24,76.58914756774902
gep03,00,2023-11-27,2023-12-21,gcrew,noaa_gefs,03,Rain_mm_sum,24,36.49999952316284
gep03,00,2023-11-27,2023-12-21,gcrew,noaa_gefs,03,ShortwaveRadiation_Wm2,24,75
gep03,00,2023-11-27,2023-12-21,gcrew,noaa_gefs,03,WindSpeed_ms_mean,24,11.62732320451973
gep03,00,2023-11-27,2023-12-22,gcrew,noaa_gefs,03,AirTemp_C_mean,25,6.965997314453148
gep03,00,2023-11-27,2023-12-22,gcrew,noaa_gefs,03,RH_percent_mean,25,62.65604782104492
gep03,00,2023-11-27,2023-12-22,gcrew,noaa_gefs,03,Rain_mm_sum,25,0
gep03,00,2023-11-27,2023-12-22,gcrew,noaa_gefs,03,ShortwaveRadiation_Wm2,25,110
gep03,00,2023-11-27,2023-12-22,gcrew,noaa_gefs,03,WindSpeed_ms_mean,25,8.727689670673977
gep03,00,2023-11-27,2023-12-23,gcrew,noaa_gefs,03,AirTemp_C_mean,26,6.719461059570335
gep03,00,2023-11-27,2023-12-23,gcrew,noaa_gefs,03,RH_percent_mean,26,62.82187747955322
gep03,00,2023-11-27,2023-12-23,gcrew,noaa_gefs,03,Rain_mm_sum,26,0
gep03,00,2023-11-27,2023-12-23,gcrew,noaa_gefs,03,ShortwaveRadiation_Wm2,26,87.5
gep03,00,2023-11-27,2023-12-23,gcrew,noaa_gefs,03,WindSpeed_ms_mean,26,2.369054386272265
gep03,00,2023-11-27,2023-12-24,gcrew,noaa_gefs,03,AirTemp_C_mean,27,5.3032699584961165
gep03,00,2023-11-27,2023-12-24,gcrew,noaa_gefs,03,RH_percent_mean,27,81.36386299133301
gep03,00,2023-11-27,2023-12-24,gcrew,noaa_gefs,03,Rain_mm_sum,27,28.30000114440918
gep03,00,2023-11-27,2023-12-24,gcrew,noaa_gefs,03,ShortwaveRadiation_Wm2,27,57.5
gep03,00,2023-11-27,2023-12-24,gcrew,noaa_gefs,03,WindSpeed_ms_mean,27,4.459078748032569
gep03,00,2023-11-27,2023-12-25,gcrew,noaa_gefs,03,AirTemp_C_mean,28,5.13581237792971
gep03,00,2023-11-27,2023-12-25,gcrew,noaa_gefs,03,RH_percent_mean,28,81.22675704956055
gep03,00,2023-11-27,2023-12-25,gcrew,noaa_gefs,03,Rain_mm_sum,28,1.4999999776482582
gep03,00,2023-11-27,2023-12-25,gcrew,noaa_gefs,03,ShortwaveRadiation_Wm2,28,35
gep03,00,2023-11-27,2023-12-25,gcrew,noaa_gefs,03,WindSpeed_ms_mean,28,4.003474868197337
gep03,00,2023-11-27,2023-12-26,gcrew,noaa_gefs,03,AirTemp_C_mean,29,4.564202880859398
gep03,00,2023-11-27,2023-12-26,gcrew,noaa_gefs,03,RH_percent_mean,29,65.44478416442871
gep03,00,2023-11-27,2023-12-26,gcrew,noaa_gefs,03,Rain_mm_sum,29,0.6000000238418579
gep03,00,2023-11-27,2023-12-26,gcrew,noaa_gefs,03,ShortwaveRadiation_Wm2,29,95
gep03,00,2023-11-27,2023-12-26,gcrew,noaa_gefs,03,WindSpeed_ms_mean,29,4.794088178148612
gep03,00,2023-11-27,2023-12-27,gcrew,noaa_gefs,03,AirTemp_C_mean,30,2.5684982299804915
gep03,00,2023-11-27,2023-12-27,gcrew,noaa_gefs,03,RH_percent_mean,30,61.19670581817627
gep03,00,2023-11-27,2023-12-27,gcrew,noaa_gefs,03,Rain_mm_sum,30,0.20000000298023224
gep03,00,2023-11-27,2023-12-27,gcrew,noaa_gefs,03,ShortwaveRadiation_Wm2,30,103
gep03,00,2023-11-27,2023-12-27,gcrew,noaa_gefs,03,WindSpeed_ms_mean,30,7.929123668297478
gep03,00,2023-11-27,2023-12-28,gcrew,noaa_gefs,03,AirTemp_C_mean,31,0.24892578125002274
gep03,00,2023-11-27,2023-12-28,gcrew,noaa_gefs,03,RH_percent_mean,31,54.894179344177246
gep03,00,2023-11-27,2023-12-28,gcrew,noaa_gefs,03,Rain_mm_sum,31,0
gep03,00,2023-11-27,2023-12-28,gcrew,noaa_gefs,03,ShortwaveRadiation_Wm2,31,107.5
gep03,00,2023-11-27,2023-12-28,gcrew,noaa_gefs,03,WindSpeed_ms_mean,31,8.369389072984506
gep03,00,2023-11-27,2023-12-29,gcrew,noaa_gefs,03,AirTemp_C_mean,32,2.135316467285179
gep03,00,2023-11-27,2023-12-29,gcrew,noaa_gefs,03,RH_percent_mean,32,49.380462646484375
gep03,00,2023-11-27,2023-12-29,gcrew,noaa_gefs,03,Rain_mm_sum,32,0
gep03,00,2023-11-27,2023-12-29,gcrew,noaa_gefs,03,ShortwaveRadiation_Wm2,32,100
gep03,00,2023-11-27,2023-12-29,gcrew,noaa_gefs,03,WindSpeed_ms_mean,32,4.864784430286628
gep03,00,2023-11-27,2023-12-30,gcrew,noaa_gefs,03,AirTemp_C_mean,33,2.2571350097656477
gep03,00,2023-11-27,2023-12-30,gcrew,noaa_gefs,03,RH_percent_mean,33,58.125136375427246
gep03,00,2023-11-27,2023-12-30,gcrew,noaa_gefs,03,Rain_mm_sum,33,0
gep03,00,2023-11-27,2023-12-30,gcrew,noaa_gefs,03,ShortwaveRadiation_Wm2,33,105
gep03,00,2023-11-27,2023-12-30,gcrew,noaa_gefs,03,WindSpeed_ms_mean,33,8.121758892113014
gep03,00,2023-11-27,2023-12-31,gcrew,noaa_gefs,03,AirTemp_C_mean,34,0.35221252441408524
gep03,00,2023-11-27,2023-12-31,gcrew,noaa_gefs,03,RH_percent_mean,34,59.313002586364746
gep03,00,2023-11-27,2023-12-31,gcrew,noaa_gefs,03,Rain_mm_sum,34,0
gep03,00,2023-11-27,2023-12-31,gcrew,noaa_gefs,03,ShortwaveRadiation_Wm2,34,110
gep03,00,2023-11-27,2023-12-31,gcrew,noaa_gefs,03,WindSpeed_ms_mean,34,7.684706090714355
gep03,00,2023-11-27,2024-01-01,gcrew,noaa_gefs,03,AirTemp_C_mean,35,0.9818664550781477
gep03,00,2023-11-27,2024-01-01,gcrew,noaa_gefs,03,RH_percent_mean,35,55.25293731689453
gep03,00,2023-11-27,2024-01-01,gcrew,noaa_gefs,03,Rain_mm_sum,35,0
gep03,00,2023-11-27,2024-01-01,gcrew,noaa_gefs,03,ShortwaveRadiation_Wm2,35,150
gep03,00,2023-11-27,2024-01-01,gcrew,noaa_gefs,03,WindSpeed_ms_mean,35,5.577020295958797
gep04,00,2023-11-27,2023-11-27,gcrew,noaa_gefs,04,AirTemp_C_mean,0,7.930160958426362
gep04,00,2023-11-27,2023-11-27,gcrew,noaa_gefs,04,RH_percent_mean,0,65.77873774937221
gep04,00,2023-11-27,2023-11-27,gcrew,noaa_gefs,04,Rain_mm_sum,0,1.409999966621399
gep04,00,2023-11-27,2023-11-27,gcrew,noaa_gefs,04,ShortwaveRadiation_Wm2,0,120
gep04,00,2023-11-27,2023-11-27,gcrew,noaa_gefs,04,WindSpeed_ms_mean,0,6.98831636820665
gep04,00,2023-11-27,2023-11-28,gcrew,noaa_gefs,04,AirTemp_C_mean,1,3.143903350830101
gep04,00,2023-11-27,2023-11-28,gcrew,noaa_gefs,04,RH_percent_mean,1,51.75671911239624
gep04,00,2023-11-27,2023-11-28,gcrew,noaa_gefs,04,Rain_mm_sum,1,0
gep04,00,2023-11-27,2023-11-28,gcrew,noaa_gefs,04,ShortwaveRadiation_Wm2,1,117.25
gep04,00,2023-11-27,2023-11-28,gcrew,noaa_gefs,04,WindSpeed_ms_mean,1,8.719262777459525
gep04,00,2023-11-27,2023-11-29,gcrew,noaa_gefs,04,AirTemp_C_mean,2,0.5654579162597884
gep04,00,2023-11-27,2023-11-29,gcrew,noaa_gefs,04,RH_percent_mean,2,45.022233963012695
gep04,00,2023-11-27,2023-11-29,gcrew,noaa_gefs,04,Rain_mm_sum,2,0
gep04,00,2023-11-27,2023-11-29,gcrew,noaa_gefs,04,ShortwaveRadiation_Wm2,2,123.75
gep04,00,2023-11-27,2023-11-29,gcrew,noaa_gefs,04,WindSpeed_ms_mean,2,6.168336011919848
gep04,00,2023-11-27,2023-11-30,gcrew,noaa_gefs,04,AirTemp_C_mean,3,5.442548370361351
gep04,00,2023-11-27,2023-11-30,gcrew,noaa_gefs,04,RH_percent_mean,3,51.092037200927734
gep04,00,2023-11-27,2023-11-30,gcrew,noaa_gefs,04,Rain_mm_sum,3,0
gep04,00,2023-11-27,2023-11-30,gcrew,noaa_gefs,04,ShortwaveRadiation_Wm2,3,115
gep04,00,2023-11-27,2023-11-30,gcrew,noaa_gefs,04,WindSpeed_ms_mean,3,4.647622723424587
gep04,00,2023-11-27,2023-12-01,gcrew,noaa_gefs,04,AirTemp_C_mean,4,9.021810150146507
gep04,00,2023-11-27,2023-12-01,gcrew,noaa_gefs,04,RH_percent_mean,4,66.71106433868408
gep04,00,2023-11-27,2023-12-01,gcrew,noaa_gefs,04,Rain_mm_sum,4,0.9099999666213989
gep04,00,2023-11-27,2023-12-01,gcrew,noaa_gefs,04,ShortwaveRadiation_Wm2,4,56.25
gep04,00,2023-11-27,2023-12-01,gcrew,noaa_gefs,04,WindSpeed_ms_mean,4,5.704241102456863
gep04,00,2023-11-27,2023-12-02,gcrew,noaa_gefs,04,AirTemp_C_mean,5,11.22754821777346
gep04,00,2023-11-27,2023-12-02,gcrew,noaa_gefs,04,RH_percent_mean,5,89.3065881729126
gep04,00,2023-11-27,2023-12-02,gcrew,noaa_gefs,04,Rain_mm_sum,5,2.1299999933689833
gep04,00,2023-11-27,2023-12-02,gcrew,noaa_gefs,04,ShortwaveRadiation_Wm2,5,68.75
gep04,00,2023-11-27,2023-12-02,gcrew,noaa_gefs,04,WindSpeed_ms_mean,5,3.257810854788391
gep04,00,2023-11-27,2023-12-03,gcrew,noaa_gefs,04,AirTemp_C_mean,6,11.987805938720726
gep04,00,2023-11-27,2023-12-03,gcrew,noaa_gefs,04,RH_percent_mean,6,95.10680103302002
gep04,00,2023-11-27,2023-12-03,gcrew,noaa_gefs,04,Rain_mm_sum,6,40.17000102996826
gep04,00,2023-11-27,2023-12-03,gcrew,noaa_gefs,04,ShortwaveRadiation_Wm2,6,25
gep04,00,2023-11-27,2023-12-03,gcrew,noaa_gefs,04,WindSpeed_ms_mean,6,3.011062993601093
gep04,00,2023-11-27,2023-12-04,gcrew,noaa_gefs,04,AirTemp_C_mean,7,10.208066558837913
gep04,00,2023-11-27,2023-12-04,gcrew,noaa_gefs,04,RH_percent_mean,7,69.40479469299316
gep04,00,2023-11-27,2023-12-04,gcrew,noaa_gefs,04,Rain_mm_sum,7,0.10000000149011612
gep04,00,2023-11-27,2023-12-04,gcrew,noaa_gefs,04,ShortwaveRadiation_Wm2,7,83.75
gep04,00,2023-11-27,2023-12-04,gcrew,noaa_gefs,04,WindSpeed_ms_mean,7,4.650060705382802
gep04,00,2023-11-27,2023-12-05,gcrew,noaa_gefs,04,AirTemp_C_mean,8,7.09925231933596
gep04,00,2023-11-27,2023-12-05,gcrew,noaa_gefs,04,RH_percent_mean,8,59.26151514053345
gep04,00,2023-11-27,2023-12-05,gcrew,noaa_gefs,04,Rain_mm_sum,8,0
gep04,00,2023-11-27,2023-12-05,gcrew,noaa_gefs,04,ShortwaveRadiation_Wm2,8,90
gep04,00,2023-11-27,2023-12-05,gcrew,noaa_gefs,04,WindSpeed_ms_mean,8,4.769365907420658
gep04,00,2023-11-27,2023-12-06,gcrew,noaa_gefs,04,AirTemp_C_mean,9,5.801030731201195
gep04,00,2023-11-27,2023-12-06,gcrew,noaa_gefs,04,RH_percent_mean,9,66.42868709564209
gep04,00,2023-11-27,2023-12-06,gcrew,noaa_gefs,04,Rain_mm_sum,9,0.10000000149011612
gep04,00,2023-11-27,2023-12-06,gcrew,noaa_gefs,04,ShortwaveRadiation_Wm2,9,73.75
gep04,00,2023-11-27,2023-12-06,gcrew,noaa_gefs,04,WindSpeed_ms_mean,9,5.121497430910974
gep04,00,2023-11-27,2023-12-07,gcrew,noaa_gefs,04,AirTemp_C_mean,10,4.628167724609398
gep04,00,2023-11-27,2023-12-07,gcrew,noaa_gefs,04,RH_percent_mean,10,60.15670585632324
gep04,00,2023-11-27,2023-12-07,gcrew,noaa_gefs,04,Rain_mm_sum,10,0.10000000149011612
gep04,00,2023-11-27,2023-12-07,gcrew,noaa_gefs,04,ShortwaveRadiation_Wm2,10,80
gep04,00,2023-11-27,2023-12-07,gcrew,noaa_gefs,04,WindSpeed_ms_mean,10,6.409377329262826
gep04,00,2023-11-27,2023-12-08,gcrew,noaa_gefs,04,AirTemp_C_mean,11,7.60364685058596
gep04,00,2023-11-27,2023-12-08,gcrew,noaa_gefs,04,RH_percent_mean,11,60.32244300842285
gep04,00,2023-11-27,2023-12-08,gcrew,noaa_gefs,04,Rain_mm_sum,11,0
gep04,00,2023-11-27,2023-12-08,gcrew,noaa_gefs,04,ShortwaveRadiation_Wm2,11,85
gep04,00,2023-11-27,2023-12-08,gcrew,noaa_gefs,04,WindSpeed_ms_mean,11,2.9631373493483464
gep04,00,2023-11-27,2023-12-09,gcrew,noaa_gefs,04,AirTemp_C_mean,12,9.189378356933616
gep04,00,2023-11-27,2023-12-09,gcrew,noaa_gefs,04,RH_percent_mean,12,70.98326873779297
gep04,00,2023-11-27,2023-12-09,gcrew,noaa_gefs,04,Rain_mm_sum,12,0
gep04,00,2023-11-27,2023-12-09,gcrew,noaa_gefs,04,ShortwaveRadiation_Wm2,12,92.5
gep04,00,2023-11-27,2023-12-09,gcrew,noaa_gefs,04,WindSpeed_ms_mean,12,4.254736907169081
gep04,00,2023-11-27,2023-12-10,gcrew,noaa_gefs,04,AirTemp_C_mean,13,12.441644287109398
gep04,00,2023-11-27,2023-12-10,gcrew,noaa_gefs,04,RH_percent_mean,13,82.82262802124023
gep04,00,2023-11-27,2023-12-10,gcrew,noaa_gefs,04,Rain_mm_sum,13,0.800000011920929
gep04,00,2023-11-27,2023-12-10,gcrew,noaa_gefs,04,ShortwaveRadiation_Wm2,13,52.5
gep04,00,2023-11-27,2023-12-10,gcrew,noaa_gefs,04,WindSpeed_ms_mean,13,7.214954621995648
gep04,00,2023-11-27,2023-12-11,gcrew,noaa_gefs,04,AirTemp_C_mean,14,8.196138000488304
gep04,00,2023-11-27,2023-12-11,gcrew,noaa_gefs,04,RH_percent_mean,14,67.96190357208252
gep04,00,2023-11-27,2023-12-11,gcrew,noaa_gefs,04,Rain_mm_sum,14,36.89999961853027
gep04,00,2023-11-27,2023-12-11,gcrew,noaa_gefs,04,ShortwaveRadiation_Wm2,14,77.5
gep04,00,2023-11-27,2023-12-11,gcrew,noaa_gefs,04,WindSpeed_ms_mean,14,9.841349318979457
gep04,00,2023-11-27,2023-12-12,gcrew,noaa_gefs,04,AirTemp_C_mean,15,4.513063049316429
gep04,00,2023-11-27,2023-12-12,gcrew,noaa_gefs,04,RH_percent_mean,15,51.38350963592529
gep04,00,2023-11-27,2023-12-12,gcrew,noaa_gefs,04,Rain_mm_sum,15,0
gep04,00,2023-11-27,2023-12-12,gcrew,noaa_gefs,04,ShortwaveRadiation_Wm2,15,115
gep04,00,2023-11-27,2023-12-12,gcrew,noaa_gefs,04,WindSpeed_ms_mean,15,6.445321660564322
gep04,00,2023-11-27,2023-12-13,gcrew,noaa_gefs,04,AirTemp_C_mean,16,6.0189071655273665
gep04,00,2023-11-27,2023-12-13,gcrew,noaa_gefs,04,RH_percent_mean,16,54.307085037231445
gep04,00,2023-11-27,2023-12-13,gcrew,noaa_gefs,04,Rain_mm_sum,16,0
gep04,00,2023-11-27,2023-12-13,gcrew,noaa_gefs,04,ShortwaveRadiation_Wm2,16,95
gep04,00,2023-11-27,2023-12-13,gcrew,noaa_gefs,04,WindSpeed_ms_mean,16,4.919506652192801
gep04,00,2023-11-27,2023-12-14,gcrew,noaa_gefs,04,AirTemp_C_mean,17,1.9536911010742415
gep04,00,2023-11-27,2023-12-14,gcrew,noaa_gefs,04,RH_percent_mean,17,54.30481147766113
gep04,00,2023-11-27,2023-12-14,gcrew,noaa_gefs,04,Rain_mm_sum,17,0
gep04,00,2023-11-27,2023-12-14,gcrew,noaa_gefs,04,ShortwaveRadiation_Wm2,17,102.5
gep04,00,2023-11-27,2023-12-14,gcrew,noaa_gefs,04,WindSpeed_ms_mean,17,6.970441376959462
gep04,00,2023-11-27,2023-12-15,gcrew,noaa_gefs,04,AirTemp_C_mean,18,4.5534530639648665
gep04,00,2023-11-27,2023-12-15,gcrew,noaa_gefs,04,RH_percent_mean,18,48.15119743347168
gep04,00,2023-11-27,2023-12-15,gcrew,noaa_gefs,04,Rain_mm_sum,18,0
gep04,00,2023-11-27,2023-12-15,gcrew,noaa_gefs,04,ShortwaveRadiation_Wm2,18,110
gep04,00,2023-11-27,2023-12-15,gcrew,noaa_gefs,04,WindSpeed_ms_mean,18,6.043071901033547
gep04,00,2023-11-27,2023-12-16,gcrew,noaa_gefs,04,AirTemp_C_mean,19,7.143457031250023
gep04,00,2023-11-27,2023-12-16,gcrew,noaa_gefs,04,RH_percent_mean,19,52.20172309875488
gep04,00,2023-11-27,2023-12-16,gcrew,noaa_gefs,04,Rain_mm_sum,19,0
gep04,00,2023-11-27,2023-12-16,gcrew,noaa_gefs,04,ShortwaveRadiation_Wm2,19,111.5
gep04,00,2023-11-27,2023-12-16,gcrew,noaa_gefs,04,WindSpeed_ms_mean,19,5.818199168438026
gep04,00,2023-11-27,2023-12-17,gcrew,noaa_gefs,04,AirTemp_C_mean,20,6.060304260253929
gep04,00,2023-11-27,2023-12-17,gcrew,noaa_gefs,04,RH_percent_mean,20,73.71020603179932
gep04,00,2023-11-27,2023-12-17,gcrew,noaa_gefs,04,Rain_mm_sum,20,0
gep04,00,2023-11-27,2023-12-17,gcrew,noaa_gefs,04,ShortwaveRadiation_Wm2,20,67.5
gep04,00,2023-11-27,2023-12-17,gcrew,noaa_gefs,04,WindSpeed_ms_mean,20,4.95647322638626
gep04,00,2023-11-27,2023-12-18,gcrew,noaa_gefs,04,AirTemp_C_mean,21,7.519563293457054
gep04,00,2023-11-27,2023-12-18,gcrew,noaa_gefs,04,RH_percent_mean,21,87.2380199432373
gep04,00,2023-11-27,2023-12-18,gcrew,noaa_gefs,04,Rain_mm_sum,21,14.800000309944153
gep04,00,2023-11-27,2023-12-18,gcrew,noaa_gefs,04,ShortwaveRadiation_Wm2,21,10
gep04,00,2023-11-27,2023-12-18,gcrew,noaa_gefs,04,WindSpeed_ms_mean,21,6.641896038089156
gep04,00,2023-11-27,2023-12-19,gcrew,noaa_gefs,04,AirTemp_C_mean,22,7.543115234375023
gep04,00,2023-11-27,2023-12-19,gcrew,noaa_gefs,04,RH_percent_mean,22,82.2885913848877
gep04,00,2023-11-27,2023-12-19,gcrew,noaa_gefs,04,Rain_mm_sum,22,7.600000008940697
gep04,00,2023-11-27,2023-12-19,gcrew,noaa_gefs,04,ShortwaveRadiation_Wm2,22,42.5
gep04,00,2023-11-27,2023-12-19,gcrew,noaa_gefs,04,WindSpeed_ms_mean,22,5.825227171579426
gep04,00,2023-11-27,2023-12-20,gcrew,noaa_gefs,04,AirTemp_C_mean,23,8.987573242187523
gep04,00,2023-11-27,2023-12-20,gcrew,noaa_gefs,04,RH_percent_mean,23,80.18497467041016
gep04,00,2023-11-27,2023-12-20,gcrew,noaa_gefs,04,Rain_mm_sum,23,0.30000000447034836
gep04,00,2023-11-27,2023-12-20,gcrew,noaa_gefs,04,ShortwaveRadiation_Wm2,23,42.5
gep04,00,2023-11-27,2023-12-20,gcrew,noaa_gefs,04,WindSpeed_ms_mean,23,4.078718289512819
gep04,00,2023-11-27,2023-12-21,gcrew,noaa_gefs,04,AirTemp_C_mean,24,8.525712585449241
gep04,00,2023-11-27,2023-12-21,gcrew,noaa_gefs,04,RH_percent_mean,24,76.58914756774902
gep04,00,2023-11-27,2023-12-21,gcrew,noaa_gefs,04,Rain_mm_sum,24,36.49999952316284
gep04,00,2023-11-27,2023-12-21,gcrew,noaa_gefs,04,ShortwaveRadiation_Wm2,24,75
gep04,00,2023-11-27,2023-12-21,gcrew,noaa_gefs,04,WindSpeed_ms_mean,24,11.62732320451973
gep04,00,2023-11-27,2023-12-22,gcrew,noaa_gefs,04,AirTemp_C_mean,25,6.965997314453148
gep04,00,2023-11-27,2023-12-22,gcrew,noaa_gefs,04,RH_percent_mean,25,62.65604782104492
gep04,00,2023-11-27,2023-12-22,gcrew,noaa_gefs,04,Rain_mm_sum,25,0
gep04,00,2023-11-27,2023-12-22,gcrew,noaa_gefs,04,ShortwaveRadiation_Wm2,25,110
gep04,00,2023-11-27,2023-12-22,gcrew,noaa_gefs,04,WindSpeed_ms_mean,25,8.727689670673977
gep04,00,2023-11-27,2023-12-23,gcrew,noaa_gefs,04,AirTemp_C_mean,26,6.719461059570335
gep04,00,2023-11-27,2023-12-23,gcrew,noaa_gefs,04,RH_percent_mean,26,62.82187747955322
gep04,00,2023-11-27,2023-12-23,gcrew,noaa_gefs,04,Rain_mm_sum,26,0
gep04,00,2023-11-27,2023-12-23,gcrew,noaa_gefs,04,ShortwaveRadiation_Wm2,26,87.5
gep04,00,2023-11-27,2023-12-23,gcrew,noaa_gefs,04,WindSpeed_ms_mean,26,2.369054386272265
gep04,00,2023-11-27,2023-12-24,gcrew,noaa_gefs,04,AirTemp_C_mean,27,5.3032699584961165
gep04,00,2023-11-27,2023-12-24,gcrew,noaa_gefs,04,RH_percent_mean,27,81.36386299133301
gep04,00,2023-11-27,2023-12-24,gcrew,noaa_gefs,04,Rain_mm_sum,27,28.30000114440918
gep04,00,2023-11-27,2023-12-24,gcrew,noaa_gefs,04,ShortwaveRadiation_Wm2,27,57.5
gep04,00,2023-11-27,2023-12-24,gcrew,noaa_gefs,04,WindSpeed_ms_mean,27,4.459078748032569
gep04,00,2023-11-27,2023-12-25,gcrew,noaa_gefs,04,AirTemp_C_mean,28,5.13581237792971
gep04,00,2023-11-27,2023-12-25,gcrew,noaa_gefs,04,RH_percent_mean,28,81.22675704956055
gep04,00,2023-11-27,2023-12-25,gcrew,noaa_gefs,04,Rain_mm_sum,28,1.4999999776482582
gep04,00,2023-11-27,2023-12-25,gcrew,noaa_gefs,04,ShortwaveRadiation_Wm2,28,35
gep04,00,2023-11-27,2023-12-25,gcrew,noaa_gefs,04,WindSpeed_ms_mean,28,4.003474868197337
gep04,00,2023-11-27,2023-12-26,gcrew,noaa_gefs,04,AirTemp_C_mean,29,4.564202880859398
gep04,00,2023-11-27,2023-12-26,gcrew,noaa_gefs,04,RH_percent_mean,29,65.44478416442871
gep04,00,2023-11-27,2023-12-26,gcrew,noaa_gefs,04,Rain_mm_sum,29,0.6000000238418579
gep04,00,2023-11-27,2023-12-26,gcrew,noaa_gefs,04,ShortwaveRadiation_Wm2,29,95
gep04,00,2023-11-27,2023-12-26,gcrew,noaa_gefs,04,WindSpeed_ms_mean,29,4.794088178148612
gep04,00,2023-11-27,2023-12-27,gcrew,noaa_gefs,04,AirTemp_C_mean,30,2.5684982299804915
gep04,00,2023-11-27,2023-12-27,gcrew,noaa_gefs,04,RH_percent_mean,30,61.19670581817627
gep04,00,2023-11-27,2023-12-27,gcrew,noaa_gefs,04,Rain_mm_sum,30,0.20000000298023224
gep04,00,2023-11-27,2023-12-27,gcrew,noaa_gefs,04,ShortwaveRadiation_Wm2,30,103
gep04,00,2023-11-27,2023-12-27,gcrew,noaa_gefs,04,WindSpeed_ms_mean,30,7.929123668297478
gep04,00,2023-11-27,2023-12-28,gcrew,noaa_gefs,04,AirTemp_C_mean,31,0.24892578125002274
gep04,00,2023-11-27,2023-12-28,gcrew,noaa_gefs,04,RH_percent_mean,31,54.894179344177246
gep04,00,2023-11-27,2023-12-28,gcrew,noaa_gefs,04,Rain_mm_sum,31,0
gep04,00,2023-11-27,2023-12-28,gcrew,noaa_gefs,04,ShortwaveRadiation_Wm2,31,107.5
gep04,00,2023-11-27,2023-12-28,gcrew,noaa_gefs,04,WindSpeed_ms_mean,31,8.369389072984506
gep04,00,2023-11-27,2023-12-29,gcrew,noaa_gefs,04,AirTemp_C_mean,32,2.135316467285179
gep04,00,2023-11-27,2023-12-29,gcrew,noaa_gefs,04,RH_percent_mean,32,49.380462646484375
gep04,00,2023-11-27,2023-12-29,gcrew,noaa_gefs,04,Rain_mm_sum,32,0
gep04,00,2023-11-27,2023-12-29,gcrew,noaa_gefs,04,ShortwaveRadiation_Wm2,32,100
gep04,00,2023-11-27,2023-12-29,gcrew,noaa_gefs,04,WindSpeed_ms_mean,32,4.864784430286628
gep04,00,2023-11-27,2023-12-30,gcrew,noaa_gefs,04,AirTemp_C_mean,33,2.2571350097656477
gep04,00,2023-11-27,2023-12-30,gcrew,noaa_gefs,04,RH_percent_mean,33,58.125136375427246
gep04,00,2023-11-27,2023-12-30,gcrew,noaa_gefs,04,Rain_mm_sum,33,0
gep04,00,2023-11-27,2023-12-30,gcrew,noaa_gefs,04,ShortwaveRadiation_Wm2,33,105
gep04,00,2023-11-27,2023-12-30,gcrew,noaa_gefs,04,WindSpeed_ms_mean,33,8.121758892113014
gep04,00,2023-11-27,2023-12-31,gcrew,noaa_gefs,04,AirTemp_C_mean,34,0.35221252441408524
gep04,00,2023-11-27,2023-12-31,gcrew,noaa_gefs,04,RH_percent_mean,34,59.313002586364746
gep04,00,2023-11-27,2023-12-31,gcrew,noaa_gefs,04,Rain_mm_sum,34,0
gep04,00,2023-11-27,2023-12-31,gcrew,noaa_gefs,04,ShortwaveRadiation_Wm2,34,110
gep04,00,2023-11-27,2023-12-31,gcrew,noaa_gefs,04,WindSpeed_ms_mean,34,7.684706090714355
gep04,00,2023-11-27,2024-01-01,gcrew,noaa_gefs,04,AirTemp_C_mean,35,0.9818664550781477
gep04,00,2023-11-27,2024-01-01,gcrew,noaa_gefs,04,RH_percent_mean,35,55.25293731689453
gep04,00,2023-11-27,2024-01-01,gcrew,noaa_gefs,04,Rain_mm_sum,35,0
gep04,00,2023-11-27,2024-01-01,gcrew,noaa_gefs,04,ShortwaveRadiation_Wm2,35,150
gep04,00,2023-11-27,2024-01-01,gcrew,noaa_gefs,04,WindSpeed_ms_mean,35,5.577020295958797
gep05,00,2023-11-27,2023-11-27,gcrew,noaa_gefs,05,AirTemp_C_mean,0,7.930160958426362
gep05,00,2023-11-27,2023-11-27,gcrew,noaa_gefs,05,RH_percent_mean,0,65.77873774937221
gep05,00,2023-11-27,2023-11-27,gcrew,noaa_gefs,05,Rain_mm_sum,0,1.409999966621399
gep05,00,2023-11-27,2023-11-27,gcrew,noaa_gefs,05,ShortwaveRadiation_Wm2,0,120
gep05,00,2023-11-27,2023-11-27,gcrew,noaa_gefs,05,WindSpeed_ms_mean,0,6.98831636820665
gep05,00,2023-11-27,2023-11-28,gcrew,noaa_gefs,05,AirTemp_C_mean,1,3.143903350830101
gep05,00,2023-11-27,2023-11-28,gcrew,noaa_gefs,05,RH_percent_mean,1,51.75671911239624
gep05,00,2023-11-27,2023-11-28,gcrew,noaa_gefs,05,Rain_mm_sum,1,0
gep05,00,2023-11-27,2023-11-28,gcrew,noaa_gefs,05,ShortwaveRadiation_Wm2,1,117.25
gep05,00,2023-11-27,2023-11-28,gcrew,noaa_gefs,05,WindSpeed_ms_mean,1,8.719262777459525
gep05,00,2023-11-27,2023-11-29,gcrew,noaa_gefs,05,AirTemp_C_mean,2,0.5654579162597884
gep05,00,2023-11-27,2023-11-29,gcrew,noaa_gefs,05,RH_percent_mean,2,45.022233963012695
gep05,00,2023-11-27,2023-11-29,gcrew,noaa_gefs,05,Rain_mm_sum,2,0
gep05,00,2023-11-27,2023-11-29,gcrew,noaa_gefs,05,ShortwaveRadiation_Wm2,2,123.75
gep05,00,2023-11-27,2023-11-29,gcrew,noaa_gefs,05,WindSpeed_ms_mean,2,6.168336011919848
gep05,00,2023-11-27,2023-11-30,gcrew,noaa_gefs,05,AirTemp_C_mean,3,5.442548370361351
gep05,00,2023-11-27,2023-11-30,gcrew,noaa_gefs,05,RH_percent_mean,3,51.092037200927734
gep05,00,2023-11-27,2023-11-30,gcrew,noaa_gefs,05,Rain_mm_sum,3,0
gep05,00,2023-11-27,2023-11-30,gcrew,noaa_gefs,05,ShortwaveRadiation_Wm2,3,115
gep05,00,2023-11-27,2023-11-30,gcrew,noaa_gefs,05,WindSpeed_ms_mean,3,4.647622723424587
gep05,00,2023-11-27,2023-12-01,gcrew,noaa_gefs,05,AirTemp_C_mean,4,9.021810150146507
gep05,00,2023-11-27,2023-12-01,gcrew,noaa_gefs,05,RH_percent_mean,4,66.71106433868408
gep05,00,2023-11-27,2023-12-01,gcrew,noaa_gefs,05,Rain_mm_sum,4,0.9099999666213989
gep05,00,2023-11-27,2023-12-01,gcrew,noaa_gefs,05,ShortwaveRadiation_Wm2,4,56.25
gep05,00,2023-11-27,2023-12-01,gcrew,noaa_gefs,05,WindSpeed_ms_mean,4,5.704241102456863
gep05,00,2023-11-27,2023-12-02,gcrew,noaa_gefs,05,AirTemp_C_mean,5,11.22754821777346
gep05,00,2023-11-27,2023-12-02,gcrew,noaa_gefs,05,RH_percent_mean,5,89.3065881729126
gep05,00,2023-11-27,2023-12-02,gcrew,noaa_gefs,05,Rain_mm_sum,5,2.1299999933689833
gep05,00,2023-11-27,2023-12-02,gcrew,noaa_gefs,05,ShortwaveRadiation_Wm2,5,68.75
gep05,00,2023-11-27,2023-12-02,gcrew,noaa_gefs,05,WindSpeed_ms_mean,5,3.257810854788391
gep05,00,2023-11-27,2023-12-03,gcrew,noaa_gefs,05,AirTemp_C_mean,6,11.987805938720726
gep05,00,2023-11-27,2023-12-03,gcrew,noaa_gefs,05,RH_percent_mean,6,95.10680103302002
gep05,00,2023-11-27,2023-12-03,gcrew,noaa_gefs,05,Rain_mm_sum,6,40.17000102996826
gep05,00,2023-11-27,2023-12-03,gcrew,noaa_gefs,05,ShortwaveRadiation_Wm2,6,25
gep05,00,2023-11-27,2023-12-03,gcrew,noaa_gefs,05,WindSpeed_ms_mean,6,3.011062993601093
gep05,00,2023-11-27,2023-12-04,gcrew,noaa_gefs,05,AirTemp_C_mean,7,10.208066558837913
gep05,00,2023-11-27,2023-12-04,gcrew,noaa_gefs,05,RH_percent_mean,7,69.40479469299316
gep05,00,2023-11-27,2023-12-04,gcrew,noaa_gefs,05,Rain_mm_sum,7,0.10000000149011612
gep05,00,2023-11-27,2023-12-04,gcrew,noaa_gefs,05,ShortwaveRadiation_Wm2,7,83.75
gep05,00,2023-11-27,2023-12-04,gcrew,noaa_gefs,05,WindSpeed_ms_mean,7,4.650060705382802
gep05,00,2023-11-27,2023-12-05,gcrew,noaa_gefs,05,AirTemp_C_mean,8,7.09925231933596
gep05,00,2023-11-27,2023-12-05,gcrew,noaa_gefs,05,RH_percent_mean,8,59.26151514053345
gep05,00,2023-11-27,2023-12-05,gcrew,noaa_gefs,05,Rain_mm_sum,8,0
gep05,00,2023-11-27,2023-12-05,gcrew,noaa_gefs,05,ShortwaveRadiation_Wm2,8,90
gep05,00,2023-11-27,2023-12-05,gcrew,noaa_gefs,05,WindSpeed_ms_mean,8,4.769365907420658
gep05,00,2023-11-27,2023-12-06,gcrew,noaa_gefs,05,AirTemp_C_mean,9,5.801030731201195
gep05,00,2023-11-27,2023-12-06,gcrew,noaa_gefs,05,RH_percent_mean,9,66.42868709564209
gep05,00,2023-11-27,2023-12-06,gcrew,noaa_gefs,05,Rain_mm_sum,9,0.10000000149011612
gep05,00,2023-11-27,2023-12-06,gcrew,noaa_gefs,05,ShortwaveRadiation_Wm2,9,73.75
gep05,00,2023-11-27,2023-12-06,gcrew,noaa_gefs,05,WindSpeed_ms_mean,9,5.121497430910974
gep05,00,2023-11-27,2023-12-07,gcrew,noaa_gefs,05,AirTemp_C_mean,10,4.628167724609398
gep05,00,2023-11-27,2023-12-07,gcrew,noaa_gefs,05,RH_percent_mean,10,60.15670585632324
gep05,00,2023-11-27,2023-12-07,gcrew,noaa_gefs,05,Rain_mm_sum,10,0.10000000149011612
gep05,00,2023-11-27,2023-12-07,gcrew,noaa_gefs,05,ShortwaveRadiation_Wm2,10,80
gep05,00,2023-11-27,2023-12-07,gcrew,noaa_gefs,05,WindSpeed_ms_mean,10,6.409377329262826
gep05,00,2023-11-27,2023-12-08,gcrew,noaa_gefs,05,AirTemp_C_mean,11,7.60364685058596
gep05,00,2023-11-27,2023-12-08,gcrew,noaa_gefs,05,RH_percent_mean,11,60.32244300842285
gep05,00,2023-11-27,2023-12-08,gcrew,noaa_gefs,05,Rain_mm_sum,11,0
gep05,00,2023-11-27,2023-12-08,gcrew,noaa_gefs,05,ShortwaveRadiation_Wm2,11,85
gep05,00,2023-11-27,2023-12-08,gcrew,noaa_gefs,05,WindSpeed_ms_mean,11,2.9631373493483464
gep05,00,2023-11-27,2023-12-09,gcrew,noaa_gefs,05,AirTemp_C_mean,12,9.189378356933616
gep05,00,2023-11-27,2023-12-09,gcrew,noaa_gefs,05,RH_percent_mean,12,70.98326873779297
gep05,00,2023-11-27,2023-12-09,gcrew,noaa_gefs,05,Rain_mm_sum,12,0
gep05,00,2023-11-27,2023-12-09,gcrew,noaa_gefs,05,ShortwaveRadiation_Wm2,12,92.5
gep05,00,2023-11-27,2023-12-09,gcrew,noaa_gefs,05,WindSpeed_ms_mean,12,4.254736907169081
gep05,00,2023-11-27,2023-12-10,gcrew,noaa_gefs,05,AirTemp_C_mean,13,12.441644287109398
gep05,00,2023-11-27,2023-12-10,gcrew,noaa_gefs,05,RH_percent_mean,13,82.82262802124023
gep05,00,2023-11-27,2023-12-10,gcrew,noaa_gefs,05,Rain_mm_sum,13,0.800000011920929
gep05,00,2023-11-27,2023-12-10,gcrew,noaa_gefs,05,ShortwaveRadiation_Wm2,13,52.5
gep05,00,2023-11-27,2023-12-10,gcrew,noaa_gefs,05,WindSpeed_ms_mean,13,7.214954621995648
gep05,00,2023-11-27,2023-12-11,gcrew,noaa_gefs,05,AirTemp_C_mean,14,8.196138000488304
gep05,00,2023-11-27,2023-12-11,gcrew,noaa_gefs,05,RH_percent_mean,14,67.96190357208252
gep05,00,2023-11-27,2023-12-11,gcrew,noaa_gefs,05,Rain_mm_sum,14,36.89999961853027
gep05,00,2023-11-27,2023-12-11,gcrew,noaa_gefs,05,ShortwaveRadiation_Wm2,14,77.5
gep05,00,2023-11-27,2023-12-11,gcrew,noaa_gefs,05,WindSpeed_ms_mean,14,9.841349318979457
gep05,00,2023-11-27,2023-12-12,gcrew,noaa_gefs,05,AirTemp_C_mean,15,4.513063049316429
gep05,00,2023-11-27,2023-12-12,gcrew,noaa_gefs,05,RH_percent_mean,15,51.38350963592529
gep05,00,2023-11-27,2023-12-12,gcrew,noaa_gefs,05,Rain_mm_sum,15,0
gep05,00,2023-11-27,2023-12-12,gcrew,noaa_gefs,05,ShortwaveRadiation_Wm2,15,115
gep05,00,2023-11-27,2023-12-12,gcrew,noaa_gefs,05,WindSpeed_ms_mean,15,6.445321660564322
gep05,00,2023-11-27,2023-12-13,gcrew,noaa_gefs,05,AirTemp_C_mean,16,6.0189071655273665
gep05,00,2023-11-27,2023-12-13,gcrew,noaa_gefs,05,RH_percent_mean,16,54.307085037231445
gep05,00,2023-11-27,2023-12-13,gcrew,noaa_gefs,05,Rain_mm_sum,16,0
gep05,00,2023-11-27,2023-12-13,gcrew,noaa_gefs,05,ShortwaveRadiation_Wm2,16,95
gep05,00,2023-11-27,2023-12-13,gcrew,noaa_gefs,05,WindSpeed_ms_mean,16,4.919506652192801
gep05,00,2023-11-27,2023-12-14,gcrew,noaa_gefs,05,AirTemp_C_mean,17,1.9536911010742415
gep05,00,2023-11-27,2023-12-14,gcrew,noaa_gefs,05,RH_percent_mean,17,54.30481147766113
gep05,00,2023-11-27,2023-12-14,gcrew,noaa_gefs,05,Rain_mm_sum,17,0
gep05,00,2023-11-27,2023-12-14,gcrew,noaa_gefs,05,ShortwaveRadiation_Wm2,17,102.5
gep05,00,2023-11-27,2023-12-14,gcrew,noaa_gefs,05,WindSpeed_ms_mean,17,6.970441376959462
gep05,00,2023-11-27,2023-12-15,gcrew,noaa_gefs,05,AirTemp_C_mean,18,4.5534530639648665
gep05,00,2023-11-27,2023-12-15,gcrew,noaa_gefs,05,RH_percent_mean,18,48.15119743347168
gep05,00,2023-11-27,2023-12-15,gcrew,noaa_gefs,05,Rain_mm_sum,18,0
gep05,00,2023-11-27,2023-12-15,gcrew,noaa_gefs,05,ShortwaveRadiation_Wm2,18,110
gep05,00,2023-11-27,2023-12-15,gcrew,noaa_gefs,05,WindSpeed_ms_mean,18,6.043071901033547
gep05,00,2023-11-27,2023-12-16,gcrew,noaa_gefs,05,AirTemp_C_mean,19,7.143457031250023
gep05,00,2023-11-27,2023-12-16,gcrew,noaa_gefs,05,RH_percent_mean,19,52.20172309875488
gep05,00,2023-11-27,2023-12-16,gcrew,noaa_gefs,05,Rain_mm_sum,19,0
gep05,00,2023-11-27,2023-12-16,gcrew,noaa_gefs,05,ShortwaveRadiation_Wm2,19,111.5
gep05,00,2023-11-27,2023-12-16,gcrew,noaa_gefs,05,WindSpeed_ms_mean,19,5.818199168438026
gep05,00,2023-11-27,2023-12-17,gcrew,noaa_gefs,05,AirTemp_C_mean,20,6.060304260253929
gep05,00,2023-11-27,2023-12-17,gcrew,noaa_gefs,05,RH_percent_mean,20,73.71020603179932
gep05,00,2023-11-27,2023-12-17,gcrew,noaa_gefs,05,Rain_mm_sum,20,0
gep05,00,2023-11-27,2023-12-17,gcrew,noaa_gefs,05,ShortwaveRadiation_Wm2,20,67.5
gep05,00,2023-11-27,2023-12-17,gcrew,noaa_gefs,05,WindSpeed_ms_mean,20,4.95647322638626
gep05,00,2023-11-27,2023-12-18,gcrew,noaa_gefs,05,AirTemp_C_mean,21,7.519563293457054
gep05,00,2023-11-27,2023-12-18,gcrew,noaa_gefs,05,RH_percent_mean,21,87.2380199432373
gep05,00,2023-11-27,2023-12-18,gcrew,noaa_gefs,05,Rain_mm_sum,21,14.800000309944153
gep05,00,2023-11-27,2023-12-18,gcrew,noaa_gefs,05,ShortwaveRadiation_Wm2,21,10
gep05,00,2023-11-27,2023-12-18,gcrew,noaa_gefs,05,WindSpeed_ms_mean,21,6.641896038089156
gep05,00,2023-11-27,2023-12-19,gcrew,noaa_gefs,05,AirTemp_C_mean,22,7.543115234375023
gep05,00,2023-11-27,2023-12-19,gcrew,noaa_gefs,05,RH_percent_mean,22,82.2885913848877
gep05,00,2023-11-27,2023-12-19,gcrew,noaa_gefs,05,Rain_mm_sum,22,7.600000008940697
gep05,00,2023-11-27,2023-12-19,gcrew,noaa_gefs,05,ShortwaveRadiation_Wm2,22,42.5
gep05,00,2023-11-27,2023-12-19,gcrew,noaa_gefs,05,WindSpeed_ms_mean,22,5.825227171579426
gep05,00,2023-11-27,2023-12-20,gcrew,noaa_gefs,05,AirTemp_C_mean,23,8.987573242187523
gep05,00,2023-11-27,2023-12-20,gcrew,noaa_gefs,05,RH_percent_mean,23,80.18497467041016
gep05,00,2023-11-27,2023-12-20,gcrew,noaa_gefs,05,Rain_mm_sum,23,0.30000000447034836
gep05,00,2023-11-27,2023-12-20,gcrew,noaa_gefs,05,ShortwaveRadiation_Wm2,23,42.5
gep05,00,2023-11-27,2023-12-20,gcrew,noaa_gefs,05,WindSpeed_ms_mean,23,4.078718289512819
gep05,00,2023-11-27,2023-12-21,gcrew,noaa_gefs,05,AirTemp_C_mean,24,8.525712585449241
gep05,00,2023-11-27,2023-12-21,gcrew,noaa_gefs,05,RH_percent_mean,24,76.58914756774902
gep05,00,2023-11-27,2023-12-21,gcrew,noaa_gefs,05,Rain_mm_sum,24,36.49999952316284
gep05,00,2023-11-27,2023-12-21,gcrew,noaa_gefs,05,ShortwaveRadiation_Wm2,24,75
gep05,00,2023-11-27,2023-12-21,gcrew,noaa_gefs,05,WindSpeed_ms_mean,24,11.62732320451973
gep05,00,2023-11-27,2023-12-22,gcrew,noaa_gefs,05,AirTemp_C_mean,25,6.965997314453148
gep05,00,2023-11-27,2023-12-22,gcrew,noaa_gefs,05,RH_percent_mean,25,62.65604782104492
gep05,00,2023-11-27,2023-12-22,gcrew,noaa_gefs,05,Rain_mm_sum,25,0
gep05,00,2023-11-27,2023-12-22,gcrew,noaa_gefs,05,ShortwaveRadiation_Wm2,25,110
gep05,00,2023-11-27,2023-12-22,gcrew,noaa_gefs,05,WindSpeed_ms_mean,25,8.727689670673977
gep05,00,2023-11-27,2023-12-23,gcrew,noaa_gefs,05,AirTemp_C_mean,26,6.719461059570335
gep05,00,2023-11-27,2023-12-23,gcrew,noaa_gefs,05,RH_percent_mean,26,62.82187747955322
gep05,00,2023-11-27,2023-12-23,gcrew,noaa_gefs,05,Rain_mm_sum,26,0
gep05,00,2023-11-27,2023-12-23,gcrew,noaa_gefs,05,ShortwaveRadiation_Wm2,26,87.5
gep05,00,2023-11-27,2023-12-23,gcrew,noaa_gefs,05,WindSpeed_ms_mean,26,2.369054386272265
gep05,00,2023-11-27,2023-12-24,gcrew,noaa_gefs,05,AirTemp_C_mean,27,5.3032699584961165
gep05,00,2023-11-27,2023-12-24,gcrew,noaa_gefs,05,RH_percent_mean,27,81.36386299133301
gep05,00,2023-11-27,2023-12-24,gcrew,noaa_gefs,05,Rain_mm_sum,27,28.30000114440918
gep05,00,2023-11-27,2023-12-24,gcrew,noaa_gefs,05,ShortwaveRadiation_Wm2,27,57.5
gep05,00,2023-11-27,2023-12-24,gcrew,noaa_gefs,05,WindSpeed_ms_mean,27,4.459078748032569
gep05,00,2023-11-27,2023-12-25,gcrew,noaa_gefs,05,AirTemp_C_mean,28,5.13581237792971
gep05,00,2023-11-27,2023-12-25,gcrew,noaa_gefs,05,RH_percent_mean,28,81.22675704956055
gep05,00,2023-11-27,2023-12-25,gcrew,noaa_gefs,05,Rain_mm_sum,28,1.4999999776482582
gep05,00,2023-11-27,2023-12-25,gcrew,noaa_gefs,05,ShortwaveRadiation_Wm2,28,35
gep05,00,2023-11-27,2023-12-25,gcrew,noaa_gefs,05,WindSpeed_ms_mean,28,4.003474868197337
gep05,00,2023-11-27,2023-12-26,gcrew,noaa_gefs,05,AirTemp_C_mean,29,4.564202880859398
gep05,00,2023-11-27,2023-12-26,gcrew,noaa_gefs,05,RH_percent_mean,29,65.44478416442871
gep05,00,2023-11-27,2023-12-26,gcrew,noaa_gefs,05,Rain_mm_sum,29,0.6000000238418579
gep05,00,2023-11-27,2023-12-26,gcrew,noaa_gefs,05,ShortwaveRadiation_Wm2,29,95
gep05,00,2023-11-27,2023-12-26,gcrew,noaa_gefs,05,WindSpeed_ms_mean,29,4.794088178148612
gep05,00,2023-11-27,2023-12-27,gcrew,noaa_gefs,05,AirTemp_C_mean,30,2.5684982299804915
gep05,00,2023-11-27,2023-12-27,gcrew,noaa_gefs,05,RH_percent_mean,30,61.19670581817627
gep05,00,2023-11-27,2023-12-27,gcrew,noaa_gefs,05,Rain_mm_sum,30,0.20000000298023224
gep05,00,2023-11-27,2023-12-27,gcrew,noaa_gefs,05,ShortwaveRadiation_Wm2,30,103
gep05,00,2023-11-27,2023-12-27,gcrew,noaa_gefs,05,WindSpeed_ms_mean,30,7.929123668297478
gep05,00,2023-11-27,2023-12-28,gcrew,noaa_gefs,05,AirTemp_C_mean,31,0.24892578125002274
gep05,00,2023-11-27,2023-12-28,gcrew,noaa_gefs,05,RH_percent_mean,31,54.894179344177246
gep05,00,2023-11-27,2023-12-28,gcrew,noaa_gefs,05,Rain_mm_sum,31,0
gep05,00,2023-11-27,2023-12-28,gcrew,noaa_gefs,05,ShortwaveRadiation_Wm2,31,107.5
gep05,00,2023-11-27,2023-12-28,gcrew,noaa_gefs,05,WindSpeed_ms_mean,31,8.369389072984506
gep05,00,2023-11-27,2023-12-29,gcrew,noaa_gefs,05,AirTemp_C_mean,32,2.135316467285179
gep05,00,2023-11-27,2023-12-29,gcrew,noaa_gefs,05,RH_percent_mean,32,49.380462646484375
gep05,00,2023-11-27,2023-12-29,gcrew,noaa_gefs,05,Rain_mm_sum,32,0
gep05,00,2023-11-27,2023-12-29,gcrew,noaa_gefs,05,ShortwaveRadiation_Wm2,32,100
gep05,00,2023-11-27,2023-12-29,gcrew,noaa_gefs,05,WindSpeed_ms_mean,32,4.864784430286628
gep05,00,2023-11-27,2023-12-30,gcrew,noaa_gefs,05,AirTemp_C_mean,33,2.2571350097656477
gep05,00,2023-11-27,2023-12-30,gcrew,noaa_gefs,05,RH_percent_mean,33,58.125136375427246
gep05,00,2023-11-27,2023-12-30,gcrew,noaa_gefs,05,Rain_mm_sum,33,0
gep05,00,2023-11-27,2023-12-30,gcrew,noaa_gefs,05,ShortwaveRadiation_Wm2,33,105
gep05,00,2023-11-27,2023-12-30,gcrew,noaa_gefs,05,WindSpeed_ms_mean,33,8.121758892113014
gep05,00,2023-11-27,2023-12-31,gcrew,noaa_gefs,05,AirTemp_C_mean,34,0.35221252441408524
gep05,00,2023-11-27,2023-12-31,gcrew,noaa_gefs,05,RH_percent_mean,34,59.313002586364746
gep05,00,2023-11-27,2023-12-31,gcrew,noaa_gefs,05,Rain_mm_sum,34,0
gep05,00,2023-11-27,2023-12-31,gcrew,noaa_gefs,05,ShortwaveRadiation_Wm2,34,110
gep05,00,2023-11-27,2023-12-31,gcrew,noaa_gefs,05,WindSpeed_ms_mean,34,7.684706090714355
gep05,00,2023-11-27,2024-01-01,gcrew,noaa_gefs,05,AirTemp_C_mean,35,0.9818664550781477
gep05,00,2023-11-27,2024-01-01,gcrew,noaa_gefs,05,RH_percent_mean,35,55.25293731689453
gep05,00,2023-11-27,2024-01-01,gcrew,noaa_gefs,05,Rain_mm_sum,35,0
gep05,00,2023-11-27,2024-01-01,gcrew,noaa_gefs,05,ShortwaveRadiation_Wm2,35,150
gep05,00,2023-11-27,2024-01-01,gcrew,noaa_gefs,05,WindSpeed_ms_mean,35,5.577020295958797
gep06,00,2023-11-27,2023-11-27,gcrew,noaa_gefs,06,AirTemp_C_mean,0,7.930160958426362
gep06,00,2023-11-27,2023-11-27,gcrew,noaa_gefs,06,RH_percent_mean,0,65.77873774937221
gep06,00,2023-11-27,2023-11-27,gcrew,noaa_gefs,06,Rain_mm_sum,0,1.409999966621399
gep06,00,2023-11-27,2023-11-27,gcrew,noaa_gefs,06,ShortwaveRadiation_Wm2,0,120
gep06,00,2023-11-27,2023-11-27,gcrew,noaa_gefs,06,WindSpeed_ms_mean,0,6.98831636820665
gep06,00,2023-11-27,2023-11-28,gcrew,noaa_gefs,06,AirTemp_C_mean,1,3.143903350830101
gep06,00,2023-11-27,2023-11-28,gcrew,noaa_gefs,06,RH_percent_mean,1,51.75671911239624
gep06,00,2023-11-27,2023-11-28,gcrew,noaa_gefs,06,Rain_mm_sum,1,0
gep06,00,2023-11-27,2023-11-28,gcrew,noaa_gefs,06,ShortwaveRadiation_Wm2,1,117.25
gep06,00,2023-11-27,2023-11-28,gcrew,noaa_gefs,06,WindSpeed_ms_mean,1,8.719262777459525
gep06,00,2023-11-27,2023-11-29,gcrew,noaa_gefs,06,AirTemp_C_mean,2,0.5654579162597884
gep06,00,2023-11-27,2023-11-29,gcrew,noaa_gefs,06,RH_percent_mean,2,45.022233963012695
gep06,00,2023-11-27,2023-11-29,gcrew,noaa_gefs,06,Rain_mm_sum,2,0
gep06,00,2023-11-27,2023-11-29,gcrew,noaa_gefs,06,ShortwaveRadiation_Wm2,2,123.75
gep06,00,2023-11-27,2023-11-29,gcrew,noaa_gefs,06,WindSpeed_ms_mean,2,6.168336011919848
gep06,00,2023-11-27,2023-11-30,gcrew,noaa_gefs,06,AirTemp_C_mean,3,5.442548370361351
gep06,00,2023-11-27,2023-11-30,gcrew,noaa_gefs,06,RH_percent_mean,3,51.092037200927734
gep06,00,2023-11-27,2023-11-30,gcrew,noaa_gefs,06,Rain_mm_sum,3,0
gep06,00,2023-11-27,2023-11-30,gcrew,noaa_gefs,06,ShortwaveRadiation_Wm2,3,115
gep06,00,2023-11-27,2023-11-30,gcrew,noaa_gefs,06,WindSpeed_ms_mean,3,4.647622723424587
gep06,00,2023-11-27,2023-12-01,gcrew,noaa_gefs,06,AirTemp_C_mean,4,9.021810150146507
gep06,00,2023-11-27,2023-12-01,gcrew,noaa_gefs,06,RH_percent_mean,4,66.71106433868408
gep06,00,2023-11-27,2023-12-01,gcrew,noaa_gefs,06,Rain_mm_sum,4,0.9099999666213989
gep06,00,2023-11-27,2023-12-01,gcrew,noaa_gefs,06,ShortwaveRadiation_Wm2,4,56.25
gep06,00,2023-11-27,2023-12-01,gcrew,noaa_gefs,06,WindSpeed_ms_mean,4,5.704241102456863
gep06,00,2023-11-27,2023-12-02,gcrew,noaa_gefs,06,AirTemp_C_mean,5,11.22754821777346
gep06,00,2023-11-27,2023-12-02,gcrew,noaa_gefs,06,RH_percent_mean,5,89.3065881729126
gep06,00,2023-11-27,2023-12-02,gcrew,noaa_gefs,06,Rain_mm_sum,5,2.1299999933689833
gep06,00,2023-11-27,2023-12-02,gcrew,noaa_gefs,06,ShortwaveRadiation_Wm2,5,68.75
gep06,00,2023-11-27,2023-12-02,gcrew,noaa_gefs,06,WindSpeed_ms_mean,5,3.257810854788391
gep06,00,2023-11-27,2023-12-03,gcrew,noaa_gefs,06,AirTemp_C_mean,6,11.987805938720726
gep06,00,2023-11-27,2023-12-03,gcrew,noaa_gefs,06,RH_percent_mean,6,95.10680103302002
gep06,00,2023-11-27,2023-12-03,gcrew,noaa_gefs,06,Rain_mm_sum,6,40.17000102996826
gep06,00,2023-11-27,2023-12-03,gcrew,noaa_gefs,06,ShortwaveRadiation_Wm2,6,25
gep06,00,2023-11-27,2023-12-03,gcrew,noaa_gefs,06,WindSpeed_ms_mean,6,3.011062993601093
gep06,00,2023-11-27,2023-12-04,gcrew,noaa_gefs,06,AirTemp_C_mean,7,10.208066558837913
gep06,00,2023-11-27,2023-12-04,gcrew,noaa_gefs,06,RH_percent_mean,7,69.40479469299316
gep06,00,2023-11-27,2023-12-04,gcrew,noaa_gefs,06,Rain_mm_sum,7,0.10000000149011612
gep06,00,2023-11-27,2023-12-04,gcrew,noaa_gefs,06,ShortwaveRadiation_Wm2,7,83.75
gep06,00,2023-11-27,2023-12-04,gcrew,noaa_gefs,06,WindSpeed_ms_mean,7,4.650060705382802
gep06,00,2023-11-27,2023-12-05,gcrew,noaa_gefs,06,AirTemp_C_mean,8,7.09925231933596
gep06,00,2023-11-27,2023-12-05,gcrew,noaa_gefs,06,RH_percent_mean,8,59.26151514053345
gep06,00,2023-11-27,2023-12-05,gcrew,noaa_gefs,06,Rain_mm_sum,8,0
gep06,00,2023-11-27,2023-12-05,gcrew,noaa_gefs,06,ShortwaveRadiation_Wm2,8,90
gep06,00,2023-11-27,2023-12-05,gcrew,noaa_gefs,06,WindSpeed_ms_mean,8,4.769365907420658
gep06,00,2023-11-27,2023-12-06,gcrew,noaa_gefs,06,AirTemp_C_mean,9,5.801030731201195
gep06,00,2023-11-27,2023-12-06,gcrew,noaa_gefs,06,RH_percent_mean,9,66.42868709564209
gep06,00,2023-11-27,2023-12-06,gcrew,noaa_gefs,06,Rain_mm_sum,9,0.10000000149011612
gep06,00,2023-11-27,2023-12-06,gcrew,noaa_gefs,06,ShortwaveRadiation_Wm2,9,73.75
gep06,00,2023-11-27,2023-12-06,gcrew,noaa_gefs,06,WindSpeed_ms_mean,9,5.121497430910974
gep06,00,2023-11-27,2023-12-07,gcrew,noaa_gefs,06,AirTemp_C_mean,10,4.628167724609398
gep06,00,2023-11-27,2023-12-07,gcrew,noaa_gefs,06,RH_percent_mean,10,60.15670585632324
gep06,00,2023-11-27,2023-12-07,gcrew,noaa_gefs,06,Rain_mm_sum,10,0.10000000149011612
gep06,00,2023-11-27,2023-12-07,gcrew,noaa_gefs,06,ShortwaveRadiation_Wm2,10,80
gep06,00,2023-11-27,2023-12-07,gcrew,noaa_gefs,06,WindSpeed_ms_mean,10,6.409377329262826
gep06,00,2023-11-27,2023-12-08,gcrew,noaa_gefs,06,AirTemp_C_mean,11,7.60364685058596
gep06,00,2023-11-27,2023-12-08,gcrew,noaa_gefs,06,RH_percent_mean,11,60.32244300842285
gep06,00,2023-11-27,2023-12-08,gcrew,noaa_gefs,06,Rain_mm_sum,11,0
gep06,00,2023-11-27,2023-12-08,gcrew,noaa_gefs,06,ShortwaveRadiation_Wm2,11,85
gep06,00,2023-11-27,2023-12-08,gcrew,noaa_gefs,06,WindSpeed_ms_mean,11,2.9631373493483464
gep06,00,2023-11-27,2023-12-09,gcrew,noaa_gefs,06,AirTemp_C_mean,12,9.189378356933616
gep06,00,2023-11-27,2023-12-09,gcrew,noaa_gefs,06,RH_percent_mean,12,70.98326873779297
gep06,00,2023-11-27,2023-12-09,gcrew,noaa_gefs,06,Rain_mm_sum,12,0
gep06,00,2023-11-27,2023-12-09,gcrew,noaa_gefs,06,ShortwaveRadiation_Wm2,12,92.5
gep06,00,2023-11-27,2023-12-09,gcrew,noaa_gefs,06,WindSpeed_ms_mean,12,4.254736907169081
gep06,00,2023-11-27,2023-12-10,gcrew,noaa_gefs,06,AirTemp_C_mean,13,12.441644287109398
gep06,00,2023-11-27,2023-12-10,gcrew,noaa_gefs,06,RH_percent_mean,13,82.82262802124023
gep06,00,2023-11-27,2023-12-10,gcrew,noaa_gefs,06,Rain_mm_sum,13,0.800000011920929
gep06,00,2023-11-27,2023-12-10,gcrew,noaa_gefs,06,ShortwaveRadiation_Wm2,13,52.5
gep06,00,2023-11-27,2023-12-10,gcrew,noaa_gefs,06,WindSpeed_ms_mean,13,7.214954621995648
gep06,00,2023-11-27,2023-12-11,gcrew,noaa_gefs,06,AirTemp_C_mean,14,8.196138000488304
gep06,00,2023-11-27,2023-12-11,gcrew,noaa_gefs,06,RH_percent_mean,14,67.96190357208252
gep06,00,2023-11-27,2023-12-11,gcrew,noaa_gefs,06,Rain_mm_sum,14,36.89999961853027
gep06,00,2023-11-27,2023-12-11,gcrew,noaa_gefs,06,ShortwaveRadiation_Wm2,14,77.5
gep06,00,2023-11-27,2023-12-11,gcrew,noaa_gefs,06,WindSpeed_ms_mean,14,9.841349318979457
gep06,00,2023-11-27,2023-12-12,gcrew,noaa_gefs,06,AirTemp_C_mean,15,4.513063049316429
gep06,00,2023-11-27,2023-12-12,gcrew,noaa_gefs,06,RH_percent_mean,15,51.38350963592529
gep06,00,2023-11-27,2023-12-12,gcrew,noaa_gefs,06,Rain_mm_sum,15,0
gep06,00,2023-11-27,2023-12-12,gcrew,noaa_gefs,06,ShortwaveRadiation_Wm2,15,115
gep06,00,2023-11-27,2023-12-12,gcrew,noaa_gefs,06,WindSpeed_ms_mean,15,6.445321660564322
gep06,00,2023-11-27,2023-12-13,gcrew,noaa_gefs,06,AirTemp_C_mean,16,6.0189071655273665
gep06,00,2023-11-27,2023-12-13,gcrew,noaa_gefs,06,RH_percent_mean,16,54.307085037231445
gep06,00,2023-11-27,2023-12-13,gcrew,noaa_gefs,06,Rain_mm_sum,16,0
gep06,00,2023-11-27,2023-12-13,gcrew,noaa_gefs,06,ShortwaveRadiation_Wm2,16,95
gep06,00,2023-11-27,2023-12-13,gcrew,noaa_gefs,06,WindSpeed_ms_mean,16,4.919506652192801
gep06,00,2023-11-27,2023-12-14,gcrew,noaa_gefs,06,AirTemp_C_mean,17,1.9536911010742415
gep06,00,2023-11-27,2023-12-14,gcrew,noaa_gefs,06,RH_percent_mean,17,54.30481147766113
gep06,00,2023-11-27,2023-12-14,gcrew,noaa_gefs,06,Rain_mm_sum,17,0
gep06,00,2023-11-27,2023-12-14,gcrew,noaa_gefs,06,ShortwaveRadiation_Wm2,17,102.5
gep06,00,2023-11-27,2023-12-14,gcrew,noaa_gefs,06,WindSpeed_ms_mean,17,6.970441376959462
gep06,00,2023-11-27,2023-12-15,gcrew,noaa_gefs,06,AirTemp_C_mean,18,4.5534530639648665
gep06,00,2023-11-27,2023-12-15,gcrew,noaa_gefs,06,RH_percent_mean,18,48.15119743347168
gep06,00,2023-11-27,2023-12-15,gcrew,noaa_gefs,06,Rain_mm_sum,18,0
gep06,00,2023-11-27,2023-12-15,gcrew,noaa_gefs,06,ShortwaveRadiation_Wm2,18,110
gep06,00,2023-11-27,2023-12-15,gcrew,noaa_gefs,06,WindSpeed_ms_mean,18,6.043071901033547
gep06,00,2023-11-27,2023-12-16,gcrew,noaa_gefs,06,AirTemp_C_mean,19,7.143457031250023
gep06,00,2023-11-27,2023-12-16,gcrew,noaa_gefs,06,RH_percent_mean,19,52.20172309875488
gep06,00,2023-11-27,2023-12-16,gcrew,noaa_gefs,06,Rain_mm_sum,19,0
gep06,00,2023-11-27,2023-12-16,gcrew,noaa_gefs,06,ShortwaveRadiation_Wm2,19,111.5
gep06,00,2023-11-27,2023-12-16,gcrew,noaa_gefs,06,WindSpeed_ms_mean,19,5.818199168438026
gep06,00,2023-11-27,2023-12-17,gcrew,noaa_gefs,06,AirTemp_C_mean,20,6.060304260253929
gep06,00,2023-11-27,2023-12-17,gcrew,noaa_gefs,06,RH_percent_mean,20,73.71020603179932
gep06,00,2023-11-27,2023-12-17,gcrew,noaa_gefs,06,Rain_mm_sum,20,0
gep06,00,2023-11-27,2023-12-17,gcrew,noaa_gefs,06,ShortwaveRadiation_Wm2,20,67.5
gep06,00,2023-11-27,2023-12-17,gcrew,noaa_gefs,06,WindSpeed_ms_mean,20,4.95647322638626
gep06,00,2023-11-27,2023-12-18,gcrew,noaa_gefs,06,AirTemp_C_mean,21,7.519563293457054
gep06,00,2023-11-27,2023-12-18,gcrew,noaa_gefs,06,RH_percent_mean,21,87.2380199432373
gep06,00,2023-11-27,2023-12-18,gcrew,noaa_gefs,06,Rain_mm_sum,21,14.800000309944153
gep06,00,2023-11-27,2023-12-18,gcrew,noaa_gefs,06,ShortwaveRadiation_Wm2,21,10
gep06,00,2023-11-27,2023-12-18,gcrew,noaa_gefs,06,WindSpeed_ms_mean,21,6.641896038089156
gep06,00,2023-11-27,2023-12-19,gcrew,noaa_gefs,06,AirTemp_C_mean,22,7.543115234375023
gep06,00,2023-11-27,2023-12-19,gcrew,noaa_gefs,06,RH_percent_mean,22,82.2885913848877
gep06,00,2023-11-27,2023-12-19,gcrew,noaa_gefs,06,Rain_mm_sum,22,7.600000008940697
gep06,00,2023-11-27,2023-12-19,gcrew,noaa_gefs,06,ShortwaveRadiation_Wm2,22,42.5
gep06,00,2023-11-27,2023-12-19,gcrew,noaa_gefs,06,WindSpeed_ms_mean,22,5.825227171579426
gep06,00,2023-11-27,2023-12-20,gcrew,noaa_gefs,06,AirTemp_C_mean,23,8.987573242187523
gep06,00,2023-11-27,2023-12-20,gcrew,noaa_gefs,06,RH_percent_mean,23,80.18497467041016
gep06,00,2023-11-27,2023-12-20,gcrew,noaa_gefs,06,Rain_mm_sum,23,0.30000000447034836
gep06,00,2023-11-27,2023-12-20,gcrew,noaa_gefs,06,ShortwaveRadiation_Wm2,23,42.5
gep06,00,2023-11-27,2023-12-20,gcrew,noaa_gefs,06,WindSpeed_ms_mean,23,4.078718289512819
gep06,00,2023-11-27,2023-12-21,gcrew,noaa_gefs,06,AirTemp_C_mean,24,8.525712585449241
gep06,00,2023-11-27,2023-12-21,gcrew,noaa_gefs,06,RH_percent_mean,24,76.58914756774902
gep06,00,2023-11-27,2023-12-21,gcrew,noaa_gefs,06,Rain_mm_sum,24,36.49999952316284
gep06,00,2023-11-27,2023-12-21,gcrew,noaa_gefs,06,ShortwaveRadiation_Wm2,24,75
gep06,00,2023-11-27,2023-12-21,gcrew,noaa_gefs,06,WindSpeed_ms_mean,24,11.62732320451973
gep06,00,2023-11-27,2023-12-22,gcrew,noaa_gefs,06,AirTemp_C_mean,25,6.965997314453148
gep06,00,2023-11-27,2023-12-22,gcrew,noaa_gefs,06,RH_percent_mean,25,62.65604782104492
gep06,00,2023-11-27,2023-12-22,gcrew,noaa_gefs,06,Rain_mm_sum,25,0
gep06,00,2023-11-27,2023-12-22,gcrew,noaa_gefs,06,ShortwaveRadiation_Wm2,25,110
gep06,00,2023-11-27,2023-12-22,gcrew,noaa_gefs,06,WindSpeed_ms_mean,25,8.727689670673977
gep06,00,2023-11-27,2023-12-23,gcrew,noaa_gefs,06,AirTemp_C_mean,26,6.719461059570335
gep06,00,2023-11-27,2023-12-23,gcrew,noaa_gefs,06,RH_percent_mean,26,62.82187747955322
gep06,00,2023-11-27,2023-12-23,gcrew,noaa_gefs,06,Rain_mm_sum,26,0
gep06,00,2023-11-27,2023-12-23,gcrew,noaa_gefs,06,ShortwaveRadiation_Wm2,26,87.5
gep06,00,2023-11-27,2023-12-23,gcrew,noaa_gefs,06,WindSpeed_ms_mean,26,2.369054386272265
gep06,00,2023-11-27,2023-12-24,gcrew,noaa_gefs,06,AirTemp_C_mean,27,5.3032699584961165
gep06,00,2023-11-27,2023-12-24,gcrew,noaa_gefs,06,RH_percent_mean,27,81.36386299133301
gep06,00,2023-11-27,2023-12-24,gcrew,noaa_gefs,06,Rain_mm_sum,27,28.30000114440918
gep06,00,2023-11-27,2023-12-24,gcrew,noaa_gefs,06,ShortwaveRadiation_Wm2,27,57.5
gep06,00,2023-11-27,2023-12-24,gcrew,noaa_gefs,06,WindSpeed_ms_mean,27,4.459078748032569
gep06,00,2023-11-27,2023-12-25,gcrew,noaa_gefs,06,AirTemp_C_mean,28,5.13581237792971
gep06,00,2023-11-27,2023-12-25,gcrew,noaa_gefs,06,RH_percent_mean,28,81.22675704956055
gep06,00,2023-11-27,2023-12-25,gcrew,noaa_gefs,06,Rain_mm_sum,28,1.4999999776482582
gep06,00,2023-11-27,2023-12-25,gcrew,noaa_gefs,06,ShortwaveRadiation_Wm2,28,35
gep06,00,2023-11-27,2023-12-25,gcrew,noaa_gefs,06,WindSpeed_ms_mean,28,4.003474868197337
gep06,00,2023-11-27,2023-12-26,gcrew,noaa_gefs,06,AirTemp_C_mean,29,4.564202880859398
gep06,00,2023-11-27,2023-12-26,gcrew,noaa_gefs,06,RH_percent_mean,29,65.44478416442871
gep06,00,2023-11-27,2023-12-26,gcrew,noaa_gefs,06,Rain_mm_sum,29,0.6000000238418579
gep06,00,2023-11-27,2023-12-26,gcrew,noaa_gefs,06,ShortwaveRadiation_Wm2,29,95
gep06,00,2023-11-27,2023-12-26,gcrew,noaa_gefs,06,WindSpeed_ms_mean,29,4.794088178148612
gep06,00,2023-11-27,2023-12-27,gcrew,noaa_gefs,06,AirTemp_C_mean,30,2.5684982299804915
gep06,00,2023-11-27,2023-12-27,gcrew,noaa_gefs,06,RH_percent_mean,30,61.19670581817627
gep06,00,2023-11-27,2023-12-27,gcrew,noaa_gefs,06,Rain_mm_sum,30,0.20000000298023224
gep06,00,2023-11-27,2023-12-27,gcrew,noaa_gefs,06,ShortwaveRadiation_Wm2,30,103
gep06,00,2023-11-27,2023-12-27,gcrew,noaa_gefs,06,WindSpeed_ms_mean,30,7.929123668297478
gep06,00,2023-11-27,2023-12-28,gcrew,noaa_gefs,06,AirTemp_C_mean,31,0.24892578125002274
gep06,00,2023-11-27,2023-12-28,gcrew,noaa_gefs,06,RH_percent_mean,31,54.894179344177246
gep06,00,2023-11-27,2023-12-28,gcrew,noaa_gefs,06,Rain_mm_sum,31,0
gep06,00,2023-11-27,2023-12-28,gcrew,noaa_gefs,06,ShortwaveRadiation_Wm2,31,107.5
gep06,00,2023-11-27,2023-12-28,gcrew,noaa_gefs,06,WindSpeed_ms_mean,31,8.369389072984506
gep06,00,2023-11-27,2023-12-29,gcrew,noaa_gefs,06,AirTemp_C_mean,32,2.135316467285179
gep06,00,2023-11-27,2023-12-29,gcrew,noaa_gefs,06,RH_percent_mean,32,49.380462646484375
gep06,00,2023-11-27,2023-12-29,gcrew,noaa_gefs,06,Rain_mm_sum,32,0
gep06,00,2023-11-27,2023-12-29,gcrew,noaa_gefs,06,ShortwaveRadiation_Wm2,32,100
gep06,00,2023-11-27,2023-12-29,gcrew,noaa_gefs,06,WindSpeed_ms_mean,32,4.864784430286628
gep06,00,2023-11-27,2023-12-30,gcrew,noaa_gefs,06,AirTemp_C_mean,33,2.2571350097656477
gep06,00,2023-11-27,2023-12-30,gcrew,noaa_gefs,06,RH_percent_mean,33,58.125136375427246
gep06,00,2023-11-27,2023-12-30,gcrew,noaa_gefs,06,Rain_mm_sum,33,0
gep06,00,2023-11-27,2023-12-30,gcrew,noaa_gefs,06,ShortwaveRadiation_Wm2,33,105
gep06,00,2023-11-27,2023-12-30,gcrew,noaa_gefs,06,WindSpeed_ms_mean,33,8.121758892113014
gep06,00,2023-11-27,2023-12-31,gcrew,noaa_gefs,06,AirTemp_C_mean,34,0.35221252441408524
gep06,00,2023-11-27,2023-12-31,gcrew,noaa_gefs,06,RH_percent_mean,34,59.313002586364746
gep06,00,2023-11-27,2023-12-31,gcrew,noaa_gefs,06,Rain_mm_sum,34,0
gep06,00,2023-11-27,2023-12-31,gcrew,noaa_gefs,06,ShortwaveRadiation_Wm2,34,110
gep06,00,2023-11-27,2023-12-31,gcrew,noaa_gefs,06,WindSpeed_ms_mean,34,7.684706090714355
gep06,00,2023-11-27,2024-01-01,gcrew,noaa_gefs,06,AirTemp_C_mean,35,0.9818664550781477
gep06,00,2023-11-27,2024-01-01,gcrew,noaa_gefs,06,RH_percent_mean,35,55.25293731689453
gep06,00,2023-11-27,2024-01-01,gcrew,noaa_gefs,06,Rain_mm_sum,35,0
gep06,00,2023-11-27,2024-01-01,gcrew,noaa_gefs,06,ShortwaveRadiation_Wm2,35,150
gep06,00,2023-11-27,2024-01-01,gcrew,noaa_gefs,06,WindSpeed_ms_mean,35,5.577020295958797
gep07,00,2023-11-27,2023-11-27,gcrew,noaa_gefs,07,AirTemp_C_mean,0,7.930160958426362
gep07,00,2023-11-27,2023-11-27,gcrew,noaa_gefs,07,RH_percent_mean,0,65.77873774937221
gep07,00,2023-11-27,2023-11-27,gcrew,noaa_gefs,07,Rain_mm_sum,0,1.409999966621399
gep07,00,2023-11-27,2023-11-27,gcrew,noaa_gefs,07,ShortwaveRadiation_Wm2,0,120
gep07,00,2023-11-27,2023-11-27,gcrew,noaa_gefs,07,WindSpeed_ms_mean,0,6.98831636820665
gep07,00,2023-11-27,2023-11-28,gcrew,noaa_gefs,07,AirTemp_C_mean,1,3.143903350830101
gep07,00,2023-11-27,2023-11-28,gcrew,noaa_gefs,07,RH_percent_mean,1,51.75671911239624
gep07,00,2023-11-27,2023-11-28,gcrew,noaa_gefs,07,Rain_mm_sum,1,0
gep07,00,2023-11-27,2023-11-28,gcrew,noaa_gefs,07,ShortwaveRadiation_Wm2,1,117.25
gep07,00,2023-11-27,2023-11-28,gcrew,noaa_gefs,07,WindSpeed_ms_mean,1,8.719262777459525
gep07,00,2023-11-27,2023-11-29,gcrew,noaa_gefs,07,AirTemp_C_mean,2,0.5654579162597884
gep07,00,2023-11-27,2023-11-29,gcrew,noaa_gefs,07,RH_percent_mean,2,45.022233963012695
gep07,00,2023-11-27,2023-11-29,gcrew,noaa_gefs,07,Rain_mm_sum,2,0
gep07,00,2023-11-27,2023-11-29,gcrew,noaa_gefs,07,ShortwaveRadiation_Wm2,2,123.75
gep07,00,2023-11-27,2023-11-29,gcrew,noaa_gefs,07,WindSpeed_ms_mean,2,6.168336011919848
gep07,00,2023-11-27,2023-11-30,gcrew,noaa_gefs,07,AirTemp_C_mean,3,5.442548370361351
gep07,00,2023-11-27,2023-11-30,gcrew,noaa_gefs,07,RH_percent_mean,3,51.092037200927734
gep07,00,2023-11-27,2023-11-30,gcrew,noaa_gefs,07,Rain_mm_sum,3,0
gep07,00,2023-11-27,2023-11-30,gcrew,noaa_gefs,07,ShortwaveRadiation_Wm2,3,115
gep07,00,2023-11-27,2023-11-30,gcrew,noaa_gefs,07,WindSpeed_ms_mean,3,4.647622723424587
gep07,00,2023-11-27,2023-12-01,gcrew,noaa_gefs,07,AirTemp_C_mean,4,9.021810150146507
gep07,00,2023-11-27,2023-12-01,gcrew,noaa_gefs,07,RH_percent_mean,4,66.71106433868408
gep07,00,2023-11-27,2023-12-01,gcrew,noaa_gefs,07,Rain_mm_sum,4,0.9099999666213989
gep07,00,2023-11-27,2023-12-01,gcrew,noaa_gefs,07,ShortwaveRadiation_Wm2,4,56.25
gep07,00,2023-11-27,2023-12-01,gcrew,noaa_gefs,07,WindSpeed_ms_mean,4,5.704241102456863
gep07,00,2023-11-27,2023-12-02,gcrew,noaa_gefs,07,AirTemp_C_mean,5,11.22754821777346
gep07,00,2023-11-27,2023-12-02,gcrew,noaa_gefs,07,RH_percent_mean,5,89.3065881729126
gep07,00,2023-11-27,2023-12-02,gcrew,noaa_gefs,07,Rain_mm_sum,5,2.1299999933689833
gep07,00,2023-11-27,2023-12-02,gcrew,noaa_gefs,07,ShortwaveRadiation_Wm2,5,68.75
gep07,00,2023-11-27,2023-12-02,gcrew,noaa_gefs,07,WindSpeed_ms_mean,5,3.257810854788391
gep07,00,2023-11-27,2023-12-03,gcrew,noaa_gefs,07,AirTemp_C_mean,6,11.987805938720726
gep07,00,2023-11-27,2023-12-03,gcrew,noaa_gefs,07,RH_percent_mean,6,95.10680103302002
gep07,00,2023-11-27,2023-12-03,gcrew,noaa_gefs,07,Rain_mm_sum,6,40.17000102996826
gep07,00,2023-11-27,2023-12-03,gcrew,noaa_gefs,07,ShortwaveRadiation_Wm2,6,25
gep07,00,2023-11-27,2023-12-03,gcrew,noaa_gefs,07,WindSpeed_ms_mean,6,3.011062993601093
gep07,00,2023-11-27,2023-12-04,gcrew,noaa_gefs,07,AirTemp_C_mean,7,10.208066558837913
gep07,00,2023-11-27,2023-12-04,gcrew,noaa_gefs,07,RH_percent_mean,7,69.40479469299316
gep07,00,2023-11-27,2023-12-04,gcrew,noaa_gefs,07,Rain_mm_sum,7,0.10000000149011612
gep07,00,2023-11-27,2023-12-04,gcrew,noaa_gefs,07,ShortwaveRadiation_Wm2,7,83.75
gep07,00,2023-11-27,2023-12-04,gcrew,noaa_gefs,07,WindSpeed_ms_mean,7,4.650060705382802
gep07,00,2023-11-27,2023-12-05,gcrew,noaa_gefs,07,AirTemp_C_mean,8,7.09925231933596
gep07,00,2023-11-27,2023-12-05,gcrew,noaa_gefs,07,RH_percent_mean,8,59.26151514053345
gep07,00,2023-11-27,2023-12-05,gcrew,noaa_gefs,07,Rain_mm_sum,8,0
gep07,00,2023-11-27,2023-12-05,gcrew,noaa_gefs,07,ShortwaveRadiation_Wm2,8,90
gep07,00,2023-11-27,2023-12-05,gcrew,noaa_gefs,07,WindSpeed_ms_mean,8,4.769365907420658
gep07,00,2023-11-27,2023-12-06,gcrew,noaa_gefs,07,AirTemp_C_mean,9,5.801030731201195
gep07,00,2023-11-27,2023-12-06,gcrew,noaa_gefs,07,RH_percent_mean,9,66.42868709564209
gep07,00,2023-11-27,2023-12-06,gcrew,noaa_gefs,07,Rain_mm_sum,9,0.10000000149011612
gep07,00,2023-11-27,2023-12-06,gcrew,noaa_gefs,07,ShortwaveRadiation_Wm2,9,73.75
gep07,00,2023-11-27,2023-12-06,gcrew,noaa_gefs,07,WindSpeed_ms_mean,9,5.121497430910974
gep07,00,2023-11-27,2023-12-07,gcrew,noaa_gefs,07,AirTemp_C_mean,10,4.628167724609398
gep07,00,2023-11-27,2023-12-07,gcrew,noaa_gefs,07,RH_percent_mean,10,60.15670585632324
gep07,00,2023-11-27,2023-12-07,gcrew,noaa_gefs,07,Rain_mm_sum,10,0.10000000149011612
gep07,00,2023-11-27,2023-12-07,gcrew,noaa_gefs,07,ShortwaveRadiation_Wm2,10,80
gep07,00,2023-11-27,2023-12-07,gcrew,noaa_gefs,07,WindSpeed_ms_mean,10,6.409377329262826
gep07,00,2023-11-27,2023-12-08,gcrew,noaa_gefs,07,AirTemp_C_mean,11,7.60364685058596
gep07,00,2023-11-27,2023-12-08,gcrew,noaa_gefs,07,RH_percent_mean,11,60.32244300842285
gep07,00,2023-11-27,2023-12-08,gcrew,noaa_gefs,07,Rain_mm_sum,11,0
gep07,00,2023-11-27,2023-12-08,gcrew,noaa_gefs,07,ShortwaveRadiation_Wm2,11,85
gep07,00,2023-11-27,2023-12-08,gcrew,noaa_gefs,07,WindSpeed_ms_mean,11,2.9631373493483464
gep07,00,2023-11-27,2023-12-09,gcrew,noaa_gefs,07,AirTemp_C_mean,12,9.189378356933616
gep07,00,2023-11-27,2023-12-09,gcrew,noaa_gefs,07,RH_percent_mean,12,70.98326873779297
gep07,00,2023-11-27,2023-12-09,gcrew,noaa_gefs,07,Rain_mm_sum,12,0
gep07,00,2023-11-27,2023-12-09,gcrew,noaa_gefs,07,ShortwaveRadiation_Wm2,12,92.5
gep07,00,2023-11-27,2023-12-09,gcrew,noaa_gefs,07,WindSpeed_ms_mean,12,4.254736907169081
gep07,00,2023-11-27,2023-12-10,gcrew,noaa_gefs,07,AirTemp_C_mean,13,12.441644287109398
gep07,00,2023-11-27,2023-12-10,gcrew,noaa_gefs,07,RH_percent_mean,13,82.82262802124023
gep07,00,2023-11-27,2023-12-10,gcrew,noaa_gefs,07,Rain_mm_sum,13,0.800000011920929
gep07,00,2023-11-27,2023-12-10,gcrew,noaa_gefs,07,ShortwaveRadiation_Wm2,13,52.5
gep07,00,2023-11-27,2023-12-10,gcrew,noaa_gefs,07,WindSpeed_ms_mean,13,7.214954621995648
gep07,00,2023-11-27,2023-12-11,gcrew,noaa_gefs,07,AirTemp_C_mean,14,8.196138000488304
gep07,00,2023-11-27,2023-12-11,gcrew,noaa_gefs,07,RH_percent_mean,14,67.96190357208252
gep07,00,2023-11-27,2023-12-11,gcrew,noaa_gefs,07,Rain_mm_sum,14,36.89999961853027
gep07,00,2023-11-27,2023-12-11,gcrew,noaa_gefs,07,ShortwaveRadiation_Wm2,14,77.5
gep07,00,2023-11-27,2023-12-11,gcrew,noaa_gefs,07,WindSpeed_ms_mean,14,9.841349318979457
gep07,00,2023-11-27,2023-12-12,gcrew,noaa_gefs,07,AirTemp_C_mean,15,4.513063049316429
gep07,00,2023-11-27,2023-12-12,gcrew,noaa_gefs,07,RH_percent_mean,15,51.38350963592529
gep07,00,2023-11-27,2023-12-12,gcrew,noaa_gefs,07,Rain_mm_sum,15,0
gep07,00,2023-11-27,2023-12-12,gcrew,noaa_gefs,07,ShortwaveRadiation_Wm2,15,115
gep07,00,2023-11-27,2023-12-12,gcrew,noaa_gefs,07,WindSpeed_ms_mean,15,6.445321660564322
gep07,00,2023-11-27,2023-12-13,gcrew,noaa_gefs,07,AirTemp_C_mean,16,6.0189071655273665
gep07,00,2023-11-27,2023-12-13,gcrew,noaa_gefs,07,RH_percent_mean,16,54.307085037231445
gep07,00,2023-11-27,2023-12-13,gcrew,noaa_gefs,07,Rain_mm_sum,16,0
gep07,00,2023-11-27,2023-12-13,gcrew,noaa_gefs,07,ShortwaveRadiation_Wm2,16,95
gep07,00,2023-11-27,2023-12-13,gcrew,noaa_gefs,07,WindSpeed_ms_mean,16,4.919506652192801
gep07,00,2023-11-27,2023-12-14,gcrew,noaa_gefs,07,AirTemp_C_mean,17,1.9536911010742415
gep07,00,2023-11-27,2023-12-14,gcrew,noaa_gefs,07,RH_percent_mean,17,54.30481147766113
gep07,00,2023-11-27,2023-12-14,gcrew,noaa_gefs,07,Rain_mm_sum,17,0
gep07,00,2023-11-27,2023-12-14,gcrew,noaa_gefs,07,ShortwaveRadiation_Wm2,17,102.5
gep07,00,2023-11-27,2023-12-14,gcrew,noaa_gefs,07,WindSpeed_ms_mean,17,6.970441376959462
gep07,00,2023-11-27,2023-12-15,gcrew,noaa_gefs,07,AirTemp_C_mean,18,4.5534530639648665
gep07,00,2023-11-27,2023-12-15,gcrew,noaa_gefs,07,RH_percent_mean,18,48.15119743347168
gep07,00,2023-11-27,2023-12-15,gcrew,noaa_gefs,07,Rain_mm_sum,18,0
gep07,00,2023-11-27,2023-12-15,gcrew,noaa_gefs,07,ShortwaveRadiation_Wm2,18,110
gep07,00,2023-11-27,2023-12-15,gcrew,noaa_gefs,07,WindSpeed_ms_mean,18,6.043071901033547
gep07,00,2023-11-27,2023-12-16,gcrew,noaa_gefs,07,AirTemp_C_mean,19,7.143457031250023
gep07,00,2023-11-27,2023-12-16,gcrew,noaa_gefs,07,RH_percent_mean,19,52.20172309875488
gep07,00,2023-11-27,2023-12-16,gcrew,noaa_gefs,07,Rain_mm_sum,19,0
gep07,00,2023-11-27,2023-12-16,gcrew,noaa_gefs,07,ShortwaveRadiation_Wm2,19,111.5
gep07,00,2023-11-27,2023-12-16,gcrew,noaa_gefs,07,WindSpeed_ms_mean,19,5.818199168438026
gep07,00,2023-11-27,2023-12-17,gcrew,noaa_gefs,07,AirTemp_C_mean,20,6.060304260253929
gep07,00,2023-11-27,2023-12-17,gcrew,noaa_gefs,07,RH_percent_mean,20,73.71020603179932
gep07,00,2023-11-27,2023-12-17,gcrew,noaa_gefs,07,Rain_mm_sum,20,0
gep07,00,2023-11-27,2023-12-17,gcrew,noaa_gefs,07,ShortwaveRadiation_Wm2,20,67.5
gep07,00,2023-11-27,2023-12-17,gcrew,noaa_gefs,07,WindSpeed_ms_mean,20,4.95647322638626
gep07,00,2023-11-27,2023-12-18,gcrew,noaa_gefs,07,AirTemp_C_mean,21,7.519563293457054
gep07,00,2023-11-27,2023-12-18,gcrew,noaa_gefs,07,RH_percent_mean,21,87.2380199432373
gep07,00,2023-11-27,2023-12-18,gcrew,noaa_gefs,07,Rain_mm_sum,21,14.800000309944153
gep07,00,2023-11-27,2023-12-18,gcrew,noaa_gefs,07,ShortwaveRadiation_Wm2,21,10
gep07,00,2023-11-27,2023-12-18,gcrew,noaa_gefs,07,WindSpeed_ms_mean,21,6.641896038089156
gep07,00,2023-11-27,2023-12-19,gcrew,noaa_gefs,07,AirTemp_C_mean,22,7.543115234375023
gep07,00,2023-11-27,2023-12-19,gcrew,noaa_gefs,07,RH_percent_mean,22,82.2885913848877
gep07,00,2023-11-27,2023-12-19,gcrew,noaa_gefs,07,Rain_mm_sum,22,7.600000008940697
gep07,00,2023-11-27,2023-12-19,gcrew,noaa_gefs,07,ShortwaveRadiation_Wm2,22,42.5
gep07,00,2023-11-27,2023-12-19,gcrew,noaa_gefs,07,WindSpeed_ms_mean,22,5.825227171579426
gep07,00,2023-11-27,2023-12-20,gcrew,noaa_gefs,07,AirTemp_C_mean,23,8.987573242187523
gep07,00,2023-11-27,2023-12-20,gcrew,noaa_gefs,07,RH_percent_mean,23,80.18497467041016
gep07,00,2023-11-27,2023-12-20,gcrew,noaa_gefs,07,Rain_mm_sum,23,0.30000000447034836
gep07,00,2023-11-27,2023-12-20,gcrew,noaa_gefs,07,ShortwaveRadiation_Wm2,23,42.5
gep07,00,2023-11-27,2023-12-20,gcrew,noaa_gefs,07,WindSpeed_ms_mean,23,4.078718289512819
gep07,00,2023-11-27,2023-12-21,gcrew,noaa_gefs,07,AirTemp_C_mean,24,8.525712585449241
gep07,00,2023-11-27,2023-12-21,gcrew,noaa_gefs,07,RH_percent_mean,24,76.58914756774902
gep07,00,2023-11-27,2023-12-21,gcrew,noaa_gefs,07,Rain_mm_sum,24,36.49999952316284
gep07,00,2023-11-27,2023-12-21,gcrew,noaa_gefs,07,ShortwaveRadiation_Wm2,24,75
gep07,00,2023-11-27,2023-12-21,gcrew,noaa_gefs,07,WindSpeed_ms_mean,24,11.62732320451973
gep07,00,2023-11-27,2023-12-22,gcrew,noaa_gefs,07,AirTemp_C_mean,25,6.965997314453148
gep07,00,2023-11-27,2023-12-22,gcrew,noaa_gefs,07,RH_percent_mean,25,62.65604782104492
gep07,00,2023-11-27,2023-12-22,gcrew,noaa_gefs,07,Rain_mm_sum,25,0
gep07,00,2023-11-27,2023-12-22,gcrew,noaa_gefs,07,ShortwaveRadiation_Wm2,25,110
gep07,00,2023-11-27,2023-12-22,gcrew,noaa_gefs,07,WindSpeed_ms_mean,25,8.727689670673977
gep07,00,2023-11-27,2023-12-23,gcrew,noaa_gefs,07,AirTemp_C_mean,26,6.719461059570335
gep07,00,2023-11-27,2023-12-23,gcrew,noaa_gefs,07,RH_percent_mean,26,62.82187747955322
gep07,00,2023-11-27,2023-12-23,gcrew,noaa_gefs,07,Rain_mm_sum,26,0
gep07,00,2023-11-27,2023-12-23,gcrew,noaa_gefs,07,ShortwaveRadiation_Wm2,26,87.5
gep07,00,2023-11-27,2023-12-23,gcrew,noaa_gefs,07,WindSpeed_ms_mean,26,2.369054386272265
gep07,00,2023-11-27,2023-12-24,gcrew,noaa_gefs,07,AirTemp_C_mean,27,5.3032699584961165
gep07,00,2023-11-27,2023-12-24,gcrew,noaa_gefs,07,RH_percent_mean,27,81.36386299133301
gep07,00,2023-11-27,2023-12-24,gcrew,noaa_gefs,07,Rain_mm_sum,27,28.30000114440918
gep07,00,2023-11-27,2023-12-24,gcrew,noaa_gefs,07,ShortwaveRadiation_Wm2,27,57.5
gep07,00,2023-11-27,2023-12-24,gcrew,noaa_gefs,07,WindSpeed_ms_mean,27,4.459078748032569
gep07,00,2023-11-27,2023-12-25,gcrew,noaa_gefs,07,AirTemp_C_mean,28,5.13581237792971
gep07,00,2023-11-27,2023-12-25,gcrew,noaa_gefs,07,RH_percent_mean,28,81.22675704956055
gep07,00,2023-11-27,2023-12-25,gcrew,noaa_gefs,07,Rain_mm_sum,28,1.4999999776482582
gep07,00,2023-11-27,2023-12-25,gcrew,noaa_gefs,07,ShortwaveRadiation_Wm2,28,35
gep07,00,2023-11-27,2023-12-25,gcrew,noaa_gefs,07,WindSpeed_ms_mean,28,4.003474868197337
gep07,00,2023-11-27,2023-12-26,gcrew,noaa_gefs,07,AirTemp_C_mean,29,4.564202880859398
gep07,00,2023-11-27,2023-12-26,gcrew,noaa_gefs,07,RH_percent_mean,29,65.44478416442871
gep07,00,2023-11-27,2023-12-26,gcrew,noaa_gefs,07,Rain_mm_sum,29,0.6000000238418579
gep07,00,2023-11-27,2023-12-26,gcrew,noaa_gefs,07,ShortwaveRadiation_Wm2,29,95
gep07,00,2023-11-27,2023-12-26,gcrew,noaa_gefs,07,WindSpeed_ms_mean,29,4.794088178148612
gep07,00,2023-11-27,2023-12-27,gcrew,noaa_gefs,07,AirTemp_C_mean,30,2.5684982299804915
gep07,00,2023-11-27,2023-12-27,gcrew,noaa_gefs,07,RH_percent_mean,30,61.19670581817627
gep07,00,2023-11-27,2023-12-27,gcrew,noaa_gefs,07,Rain_mm_sum,30,0.20000000298023224
gep07,00,2023-11-27,2023-12-27,gcrew,noaa_gefs,07,ShortwaveRadiation_Wm2,30,103
gep07,00,2023-11-27,2023-12-27,gcrew,noaa_gefs,07,WindSpeed_ms_mean,30,7.929123668297478
gep07,00,2023-11-27,2023-12-28,gcrew,noaa_gefs,07,AirTemp_C_mean,31,0.24892578125002274
gep07,00,2023-11-27,2023-12-28,gcrew,noaa_gefs,07,RH_percent_mean,31,54.894179344177246
gep07,00,2023-11-27,2023-12-28,gcrew,noaa_gefs,07,Rain_mm_sum,31,0
gep07,00,2023-11-27,2023-12-28,gcrew,noaa_gefs,07,ShortwaveRadiation_Wm2,31,107.5
gep07,00,2023-11-27,2023-12-28,gcrew,noaa_gefs,07,WindSpeed_ms_mean,31,8.369389072984506
gep07,00,2023-11-27,2023-12-29,gcrew,noaa_gefs,07,AirTemp_C_mean,32,2.135316467285179
gep07,00,2023-11-27,2023-12-29,gcrew,noaa_gefs,07,RH_percent_mean,32,49.380462646484375
gep07,00,2023-11-27,2023-12-29,gcrew,noaa_gefs,07,Rain_mm_sum,32,0
gep07,00,2023-11-27,2023-12-29,gcrew,noaa_gefs,07,ShortwaveRadiation_Wm2,32,100
gep07,00,2023-11-27,2023-12-29,gcrew,noaa_gefs,07,WindSpeed_ms_mean,32,4.864784430286628
gep07,00,2023-11-27,2023-12-30,gcrew,noaa_gefs,07,AirTemp_C_mean,33,2.2571350097656477
gep07,00,2023-11-27,2023-12-30,gcrew,noaa_gefs,07,RH_percent_mean,33,58.125136375427246
gep07,00,2023-11-27,2023-12-30,gcrew,noaa_gefs,07,Rain_mm_sum,33,0
gep07,00,2023-11-27,2023-12-30,gcrew,noaa_gefs,07,ShortwaveRadiation_Wm2,33,105
gep07,00,2023-11-27,2023-12-30,gcrew,noaa_gefs,07,WindSpeed_ms_mean,33,8.121758892113014
gep07,00,2023-11-27,2023-12-31,gcrew,noaa_gefs,07,AirTemp_C_mean,34,0.35221252441408524
gep07,00,2023-11-27,2023-12-31,gcrew,noaa_gefs,07,RH_percent_mean,34,59.313002586364746
gep07,00,2023-11-27,2023-12-31,gcrew,noaa_gefs,07,Rain_mm_sum,34,0
gep07,00,2023-11-27,2023-12-31,gcrew,noaa_gefs,07,ShortwaveRadiation_Wm2,34,110
gep07,00,2023-11-27,2023-12-31,gcrew,noaa_gefs,07,WindSpeed_ms_mean,34,7.684706090714355
gep07,00,2023-11-27,2024-01-01,gcrew,noaa_gefs,07,AirTemp_C_mean,35,0.9818664550781477
gep07,00,2023-11-27,2024-01-01,gcrew,noaa_gefs,07,RH_percent_mean,35,55.25293731689453
gep07,00,2023-11-27,2024-01-01,gcrew,noaa_gefs,07,Rain_mm_sum,35,0
gep07,00,2023-11-27,2024-01-01,gcrew,noaa_gefs,07,ShortwaveRadiation_Wm2,35,150
gep07,00,2023-11-27,2024-01-01,gcrew,noaa_gefs,07,WindSpeed_ms_mean,35,5.577020295958797
gep08,00,2023-11-27,2023-11-27,gcrew,noaa_gefs,08,AirTemp_C_mean,0,7.930160958426362
gep08,00,2023-11-27,2023-11-27,gcrew,noaa_gefs,08,RH_percent_mean,0,65.77873774937221
gep08,00,2023-11-27,2023-11-27,gcrew,noaa_gefs,08,Rain_mm_sum,0,1.409999966621399
gep08,00,2023-11-27,2023-11-27,gcrew,noaa_gefs,08,ShortwaveRadiation_Wm2,0,120
gep08,00,2023-11-27,2023-11-27,gcrew,noaa_gefs,08,WindSpeed_ms_mean,0,6.98831636820665
gep08,00,2023-11-27,2023-11-28,gcrew,noaa_gefs,08,AirTemp_C_mean,1,3.143903350830101
gep08,00,2023-11-27,2023-11-28,gcrew,noaa_gefs,08,RH_percent_mean,1,51.75671911239624
gep08,00,2023-11-27,2023-11-28,gcrew,noaa_gefs,08,Rain_mm_sum,1,0
gep08,00,2023-11-27,2023-11-28,gcrew,noaa_gefs,08,ShortwaveRadiation_Wm2,1,117.25
gep08,00,2023-11-27,2023-11-28,gcrew,noaa_gefs,08,WindSpeed_ms_mean,1,8.719262777459525
gep08,00,2023-11-27,2023-11-29,gcrew,noaa_gefs,08,AirTemp_C_mean,2,0.5654579162597884
gep08,00,2023-11-27,2023-11-29,gcrew,noaa_gefs,08,RH_percent_mean,2,45.022233963012695
gep08,00,2023-11-27,2023-11-29,gcrew,noaa_gefs,08,Rain_mm_sum,2,0
gep08,00,2023-11-27,2023-11-29,gcrew,noaa_gefs,08,ShortwaveRadiation_Wm2,2,123.75
gep08,00,2023-11-27,2023-11-29,gcrew,noaa_gefs,08,WindSpeed_ms_mean,2,6.168336011919848
gep08,00,2023-11-27,2023-11-30,gcrew,noaa_gefs,08,AirTemp_C_mean,3,5.442548370361351
gep08,00,2023-11-27,2023-11-30,gcrew,noaa_gefs,08,RH_percent_mean,3,51.092037200927734
gep08,00,2023-11-27,2023-11-30,gcrew,noaa_gefs,08,Rain_mm_sum,3,0
gep08,00,2023-11-27,2023-11-30,gcrew,noaa_gefs,08,ShortwaveRadiation_Wm2,3,115
gep08,00,2023-11-27,2023-11-30,gcrew,noaa_gefs,08,WindSpeed_ms_mean,3,4.647622723424587
gep08,00,2023-11-27,2023-12-01,gcrew,noaa_gefs,08,AirTemp_C_mean,4,9.021810150146507
gep08,00,2023-11-27,2023-12-01,gcrew,noaa_gefs,08,RH_percent_mean,4,66.71106433868408
gep08,00,2023-11-27,2023-12-01,gcrew,noaa_gefs,08,Rain_mm_sum,4,0.9099999666213989
gep08,00,2023-11-27,2023-12-01,gcrew,noaa_gefs,08,ShortwaveRadiation_Wm2,4,56.25
gep08,00,2023-11-27,2023-12-01,gcrew,noaa_gefs,08,WindSpeed_ms_mean,4,5.704241102456863
gep08,00,2023-11-27,2023-12-02,gcrew,noaa_gefs,08,AirTemp_C_mean,5,11.22754821777346
gep08,00,2023-11-27,2023-12-02,gcrew,noaa_gefs,08,RH_percent_mean,5,89.3065881729126
gep08,00,2023-11-27,2023-12-02,gcrew,noaa_gefs,08,Rain_mm_sum,5,2.1299999933689833
gep08,00,2023-11-27,2023-12-02,gcrew,noaa_gefs,08,ShortwaveRadiation_Wm2,5,68.75
gep08,00,2023-11-27,2023-12-02,gcrew,noaa_gefs,08,WindSpeed_ms_mean,5,3.257810854788391
gep08,00,2023-11-27,2023-12-03,gcrew,noaa_gefs,08,AirTemp_C_mean,6,11.987805938720726
gep08,00,2023-11-27,2023-12-03,gcrew,noaa_gefs,08,RH_percent_mean,6,95.10680103302002
gep08,00,2023-11-27,2023-12-03,gcrew,noaa_gefs,08,Rain_mm_sum,6,40.17000102996826
gep08,00,2023-11-27,2023-12-03,gcrew,noaa_gefs,08,ShortwaveRadiation_Wm2,6,25
gep08,00,2023-11-27,2023-12-03,gcrew,noaa_gefs,08,WindSpeed_ms_mean,6,3.011062993601093
gep08,00,2023-11-27,2023-12-04,gcrew,noaa_gefs,08,AirTemp_C_mean,7,10.208066558837913
gep08,00,2023-11-27,2023-12-04,gcrew,noaa_gefs,08,RH_percent_mean,7,69.40479469299316
gep08,00,2023-11-27,2023-12-04,gcrew,noaa_gefs,08,Rain_mm_sum,7,0.10000000149011612
gep08,00,2023-11-27,2023-12-04,gcrew,noaa_gefs,08,ShortwaveRadiation_Wm2,7,83.75
gep08,00,2023-11-27,2023-12-04,gcrew,noaa_gefs,08,WindSpeed_ms_mean,7,4.650060705382802
gep08,00,2023-11-27,2023-12-05,gcrew,noaa_gefs,08,AirTemp_C_mean,8,7.09925231933596
gep08,00,2023-11-27,2023-12-05,gcrew,noaa_gefs,08,RH_percent_mean,8,59.26151514053345
gep08,00,2023-11-27,2023-12-05,gcrew,noaa_gefs,08,Rain_mm_sum,8,0
gep08,00,2023-11-27,2023-12-05,gcrew,noaa_gefs,08,ShortwaveRadiation_Wm2,8,90
gep08,00,2023-11-27,2023-12-05,gcrew,noaa_gefs,08,WindSpeed_ms_mean,8,4.769365907420658
gep08,00,2023-11-27,2023-12-06,gcrew,noaa_gefs,08,AirTemp_C_mean,9,5.801030731201195
gep08,00,2023-11-27,2023-12-06,gcrew,noaa_gefs,08,RH_percent_mean,9,66.42868709564209
gep08,00,2023-11-27,2023-12-06,gcrew,noaa_gefs,08,Rain_mm_sum,9,0.10000000149011612
gep08,00,2023-11-27,2023-12-06,gcrew,noaa_gefs,08,ShortwaveRadiation_Wm2,9,73.75
gep08,00,2023-11-27,2023-12-06,gcrew,noaa_gefs,08,WindSpeed_ms_mean,9,5.121497430910974
gep08,00,2023-11-27,2023-12-07,gcrew,noaa_gefs,08,AirTemp_C_mean,10,4.628167724609398
gep08,00,2023-11-27,2023-12-07,gcrew,noaa_gefs,08,RH_percent_mean,10,60.15670585632324
gep08,00,2023-11-27,2023-12-07,gcrew,noaa_gefs,08,Rain_mm_sum,10,0.10000000149011612
gep08,00,2023-11-27,2023-12-07,gcrew,noaa_gefs,08,ShortwaveRadiation_Wm2,10,80
gep08,00,2023-11-27,2023-12-07,gcrew,noaa_gefs,08,WindSpeed_ms_mean,10,6.409377329262826
gep08,00,2023-11-27,2023-12-08,gcrew,noaa_gefs,08,AirTemp_C_mean,11,7.60364685058596
gep08,00,2023-11-27,2023-12-08,gcrew,noaa_gefs,08,RH_percent_mean,11,60.32244300842285
gep08,00,2023-11-27,2023-12-08,gcrew,noaa_gefs,08,Rain_mm_sum,11,0
gep08,00,2023-11-27,2023-12-08,gcrew,noaa_gefs,08,ShortwaveRadiation_Wm2,11,85
gep08,00,2023-11-27,2023-12-08,gcrew,noaa_gefs,08,WindSpeed_ms_mean,11,2.9631373493483464
gep08,00,2023-11-27,2023-12-09,gcrew,noaa_gefs,08,AirTemp_C_mean,12,9.189378356933616
gep08,00,2023-11-27,2023-12-09,gcrew,noaa_gefs,08,RH_percent_mean,12,70.98326873779297
gep08,00,2023-11-27,2023-12-09,gcrew,noaa_gefs,08,Rain_mm_sum,12,0
gep08,00,2023-11-27,2023-12-09,gcrew,noaa_gefs,08,ShortwaveRadiation_Wm2,12,92.5
gep08,00,2023-11-27,2023-12-09,gcrew,noaa_gefs,08,WindSpeed_ms_mean,12,4.254736907169081
gep08,00,2023-11-27,2023-12-10,gcrew,noaa_gefs,08,AirTemp_C_mean,13,12.441644287109398
gep08,00,2023-11-27,2023-12-10,gcrew,noaa_gefs,08,RH_percent_mean,13,82.82262802124023
gep08,00,2023-11-27,2023-12-10,gcrew,noaa_gefs,08,Rain_mm_sum,13,0.800000011920929
gep08,00,2023-11-27,2023-12-10,gcrew,noaa_gefs,08,ShortwaveRadiation_Wm2,13,52.5
gep08,00,2023-11-27,2023-12-10,gcrew,noaa_gefs,08,WindSpeed_ms_mean,13,7.214954621995648
gep08,00,2023-11-27,2023-12-11,gcrew,noaa_gefs,08,AirTemp_C_mean,14,8.196138000488304
gep08,00,2023-11-27,2023-12-11,gcrew,noaa_gefs,08,RH_percent_mean,14,67.96190357208252
gep08,00,2023-11-27,2023-12-11,gcrew,noaa_gefs,08,Rain_mm_sum,14,36.89999961853027
gep08,00,2023-11-27,2023-12-11,gcrew,noaa_gefs,08,ShortwaveRadiation_Wm2,14,77.5
gep08,00,2023-11-27,2023-12-11,gcrew,noaa_gefs,08,WindSpeed_ms_mean,14,9.841349318979457
gep08,00,2023-11-27,2023-12-12,gcrew,noaa_gefs,08,AirTemp_C_mean,15,4.513063049316429
gep08,00,2023-11-27,2023-12-12,gcrew,noaa_gefs,08,RH_percent_mean,15,51.38350963592529
gep08,00,2023-11-27,2023-12-12,gcrew,noaa_gefs,08,Rain_mm_sum,15,0
gep08,00,2023-11-27,2023-12-12,gcrew,noaa_gefs,08,ShortwaveRadiation_Wm2,15,115
gep08,00,2023-11-27,2023-12-12,gcrew,noaa_gefs,08,WindSpeed_ms_mean,15,6.445321660564322
gep08,00,2023-11-27,2023-12-13,gcrew,noaa_gefs,08,AirTemp_C_mean,16,6.0189071655273665
gep08,00,2023-11-27,2023-12-13,gcrew,noaa_gefs,08,RH_percent_mean,16,54.307085037231445
gep08,00,2023-11-27,2023-12-13,gcrew,noaa_gefs,08,Rain_mm_sum,16,0
gep08,00,2023-11-27,2023-12-13,gcrew,noaa_gefs,08,ShortwaveRadiation_Wm2,16,95
gep08,00,2023-11-27,2023-12-13,gcrew,noaa_gefs,08,WindSpeed_ms_mean,16,4.919506652192801
gep08,00,2023-11-27,2023-12-14,gcrew,noaa_gefs,08,AirTemp_C_mean,17,1.9536911010742415
gep08,00,2023-11-27,2023-12-14,gcrew,noaa_gefs,08,RH_percent_mean,17,54.30481147766113
gep08,00,2023-11-27,2023-12-14,gcrew,noaa_gefs,08,Rain_mm_sum,17,0
gep08,00,2023-11-27,2023-12-14,gcrew,noaa_gefs,08,ShortwaveRadiation_Wm2,17,102.5
gep08,00,2023-11-27,2023-12-14,gcrew,noaa_gefs,08,WindSpeed_ms_mean,17,6.970441376959462
gep08,00,2023-11-27,2023-12-15,gcrew,noaa_gefs,08,AirTemp_C_mean,18,4.5534530639648665
gep08,00,2023-11-27,2023-12-15,gcrew,noaa_gefs,08,RH_percent_mean,18,48.15119743347168
gep08,00,2023-11-27,2023-12-15,gcrew,noaa_gefs,08,Rain_mm_sum,18,0
gep08,00,2023-11-27,2023-12-15,gcrew,noaa_gefs,08,ShortwaveRadiation_Wm2,18,110
gep08,00,2023-11-27,2023-12-15,gcrew,noaa_gefs,08,WindSpeed_ms_mean,18,6.043071901033547
gep08,00,2023-11-27,2023-12-16,gcrew,noaa_gefs,08,AirTemp_C_mean,19,7.143457031250023
gep08,00,2023-11-27,2023-12-16,gcrew,noaa_gefs,08,RH_percent_mean,19,52.20172309875488
gep08,00,2023-11-27,2023-12-16,gcrew,noaa_gefs,08,Rain_mm_sum,19,0
gep08,00,2023-11-27,2023-12-16,gcrew,noaa_gefs,08,ShortwaveRadiation_Wm2,19,111.5
gep08,00,2023-11-27,2023-12-16,gcrew,noaa_gefs,08,WindSpeed_ms_mean,19,5.818199168438026
gep08,00,2023-11-27,2023-12-17,gcrew,noaa_gefs,08,AirTemp_C_mean,20,6.060304260253929
gep08,00,2023-11-27,2023-12-17,gcrew,noaa_gefs,08,RH_percent_mean,20,73.71020603179932
gep08,00,2023-11-27,2023-12-17,gcrew,noaa_gefs,08,Rain_mm_sum,20,0
gep08,00,2023-11-27,2023-12-17,gcrew,noaa_gefs,08,ShortwaveRadiation_Wm2,20,67.5
gep08,00,2023-11-27,2023-12-17,gcrew,noaa_gefs,08,WindSpeed_ms_mean,20,4.95647322638626
gep08,00,2023-11-27,2023-12-18,gcrew,noaa_gefs,08,AirTemp_C_mean,21,7.519563293457054
gep08,00,2023-11-27,2023-12-18,gcrew,noaa_gefs,08,RH_percent_mean,21,87.2380199432373
gep08,00,2023-11-27,2023-12-18,gcrew,noaa_gefs,08,Rain_mm_sum,21,14.800000309944153
gep08,00,2023-11-27,2023-12-18,gcrew,noaa_gefs,08,ShortwaveRadiation_Wm2,21,10
gep08,00,2023-11-27,2023-12-18,gcrew,noaa_gefs,08,WindSpeed_ms_mean,21,6.641896038089156
gep08,00,2023-11-27,2023-12-19,gcrew,noaa_gefs,08,AirTemp_C_mean,22,7.543115234375023
gep08,00,2023-11-27,2023-12-19,gcrew,noaa_gefs,08,RH_percent_mean,22,82.2885913848877
gep08,00,2023-11-27,2023-12-19,gcrew,noaa_gefs,08,Rain_mm_sum,22,7.600000008940697
gep08,00,2023-11-27,2023-12-19,gcrew,noaa_gefs,08,ShortwaveRadiation_Wm2,22,42.5
gep08,00,2023-11-27,2023-12-19,gcrew,noaa_gefs,08,WindSpeed_ms_mean,22,5.825227171579426
gep08,00,2023-11-27,2023-12-20,gcrew,noaa_gefs,08,AirTemp_C_mean,23,8.987573242187523
gep08,00,2023-11-27,2023-12-20,gcrew,noaa_gefs,08,RH_percent_mean,23,80.18497467041016
gep08,00,2023-11-27,2023-12-20,gcrew,noaa_gefs,08,Rain_mm_sum,23,0.30000000447034836
gep08,00,2023-11-27,2023-12-20,gcrew,noaa_gefs,08,ShortwaveRadiation_Wm2,23,42.5
gep08,00,2023-11-27,2023-12-20,gcrew,noaa_gefs,08,WindSpeed_ms_mean,23,4.078718289512819
gep08,00,2023-11-27,2023-12-21,gcrew,noaa_gefs,08,AirTemp_C_mean,24,8.525712585449241
gep08,00,2023-11-27,2023-12-21,gcrew,noaa_gefs,08,RH_percent_mean,24,76.58914756774902
gep08,00,2023-11-27,2023-12-21,gcrew,noaa_gefs,08,Rain_mm_sum,24,36.49999952316284
gep08,00,2023-11-27,2023-12-21,gcrew,noaa_gefs,08,ShortwaveRadiation_Wm2,24,75
gep08,00,2023-11-27,2023-12-21,gcrew,noaa_gefs,08,WindSpeed_ms_mean,24,11.62732320451973
gep08,00,2023-11-27,2023-12-22,gcrew,noaa_gefs,08,AirTemp_C_mean,25,6.965997314453148
gep08,00,2023-11-27,2023-12-22,gcrew,noaa_gefs,08,RH_percent_mean,25,62.65604782104492
gep08,00,2023-11-27,2023-12-22,gcrew,noaa_gefs,08,Rain_mm_sum,25,0
gep08,00,2023-11-27,2023-12-22,gcrew,noaa_gefs,08,ShortwaveRadiation_Wm2,25,110
gep08,00,2023-11-27,2023-12-22,gcrew,noaa_gefs,08,WindSpeed_ms_mean,25,8.727689670673977
gep08,00,2023-11-27,2023-12-23,gcrew,noaa_gefs,08,AirTemp_C_mean,26,6.719461059570335
gep08,00,2023-11-27,2023-12-23,gcrew,noaa_gefs,08,RH_percent_mean,26,62.82187747955322
gep08,00,2023-11-27,2023-12-23,gcrew,noaa_gefs,08,Rain_mm_sum,26,0
gep08,00,2023-11-27,2023-12-23,gcrew,noaa_gefs,08,ShortwaveRadiation_Wm2,26,87.5
gep08,00,2023-11-27,2023-12-23,gcrew,noaa_gefs,08,WindSpeed_ms_mean,26,2.369054386272265
gep08,00,2023-11-27,2023-12-24,gcrew,noaa_gefs,08,AirTemp_C_mean,27,5.3032699584961165
gep08,00,2023-11-27,2023-12-24,gcrew,noaa_gefs,08,RH_percent_mean,27,81.36386299133301
gep08,00,2023-11-27,2023-12-24,gcrew,noaa_gefs,08,Rain_mm_sum,27,28.30000114440918
gep08,00,2023-11-27,2023-12-24,gcrew,noaa_gefs,08,ShortwaveRadiation_Wm2,27,57.5
gep08,00,2023-11-27,2023-12-24,gcrew,noaa_gefs,08,WindSpeed_ms_mean,27,4.459078748032569
gep08,00,2023-11-27,2023-12-25,gcrew,noaa_gefs,08,AirTemp_C_mean,28,5.13581237792971
gep08,00,2023-11-27,2023-12-25,gcrew,noaa_gefs,08,RH_percent_mean,28,81.22675704956055
gep08,00,2023-11-27,2023-12-25,gcrew,noaa_gefs,08,Rain_mm_sum,28,1.4999999776482582
gep08,00,2023-11-27,2023-12-25,gcrew,noaa_gefs,08,ShortwaveRadiation_Wm2,28,35
gep08,00,2023-11-27,2023-12-25,gcrew,noaa_gefs,08,WindSpeed_ms_mean,28,4.003474868197337
gep08,00,2023-11-27,2023-12-26,gcrew,noaa_gefs,08,AirTemp_C_mean,29,4.564202880859398
gep08,00,2023-11-27,2023-12-26,gcrew,noaa_gefs,08,RH_percent_mean,29,65.44478416442871
gep08,00,2023-11-27,2023-12-26,gcrew,noaa_gefs,08,Rain_mm_sum,29,0.6000000238418579
gep08,00,2023-11-27,2023-12-26,gcrew,noaa_gefs,08,ShortwaveRadiation_Wm2,29,95
gep08,00,2023-11-27,2023-12-26,gcrew,noaa_gefs,08,WindSpeed_ms_mean,29,4.794088178148612
gep08,00,2023-11-27,2023-12-27,gcrew,noaa_gefs,08,AirTemp_C_mean,30,2.5684982299804915
gep08,00,2023-11-27,2023-12-27,gcrew,noaa_gefs,08,RH_percent_mean,30,61.19670581817627
gep08,00,2023-11-27,2023-12-27,gcrew,noaa_gefs,08,Rain_mm_sum,30,0.20000000298023224
gep08,00,2023-11-27,2023-12-27,gcrew,noaa_gefs,08,ShortwaveRadiation_Wm2,30,103
gep08,00,2023-11-27,2023-12-27,gcrew,noaa_gefs,08,WindSpeed_ms_mean,30,7.929123668297478
gep08,00,2023-11-27,2023-12-28,gcrew,noaa_gefs,08,AirTemp_C_mean,31,0.24892578125002274
gep08,00,2023-11-27,2023-12-28,gcrew,noaa_gefs,08,RH_percent_mean,31,54.894179344177246
gep08,00,2023-11-27,2023-12-28,gcrew,noaa_gefs,08,Rain_mm_sum,31,0
gep08,00,2023-11-27,2023-12-28,gcrew,noaa_gefs,08,ShortwaveRadiation_Wm2,31,107.5
gep08,00,2023-11-27,2023-12-28,gcrew,noaa_gefs,08,WindSpeed_ms_mean,31,8.369389072984506
gep08,00,2023-11-27,2023-12-29,gcrew,noaa_gefs,08,AirTemp_C_mean,32,2.135316467285179
gep08,00,2023-11-27,2023-12-29,gcrew,noaa_gefs,08,RH_percent_mean,32,49.380462646484375
gep08,00,2023-11-27,2023-12-29,gcrew,noaa_gefs,08,Rain_mm_sum,32,0
gep08,00,2023-11-27,2023-12-29,gcrew,noaa_gefs,08,ShortwaveRadiation_Wm2,32,100
gep08,00,2023-11-27,2023-12-29,gcrew,noaa_gefs,08,WindSpeed_ms_mean,32,4.864784430286628
gep08,00,2023-11-27,2023-12-30,gcrew,noaa_gefs,08,AirTemp_C_mean,33,2.2571350097656477
gep08,00,2023-11-27,2023-12-30,gcrew,noaa_gefs,08,RH_percent_mean,33,58.125136375427246
gep08,00,2023-11-27,2023-12-30,gcrew,noaa_gefs,08,Rain_mm_sum,33,0
gep08,00,2023-11-27,2023-12-30,gcrew,noaa_gefs,08,ShortwaveRadiation_Wm2,33,105
gep08,00,2023-11-27,2023-12-30,gcrew,noaa_gefs,08,WindSpeed_ms_mean,33,8.121758892113014
gep08,00,2023-11-27,2023-12-31,gcrew,noaa_gefs,08,AirTemp_C_mean,34,0.35221252441408524
gep08,00,2023-11-27,2023-12-31,gcrew,noaa_gefs,08,RH_percent_mean,34,59.313002586364746
gep08,00,2023-11-27,2023-12-31,gcrew,noaa_gefs,08,Rain_mm_sum,34,0
gep08,00,2023-11-27,2023-12-31,gcrew,noaa_gefs,08,ShortwaveRadiation_Wm2,34,110
gep08,00,2023-11-27,2023-12-31,gcrew,noaa_gefs,08,WindSpeed_ms_mean,34,7.684706090714355
gep08,00,2023-11-27,2024-01-01,gcrew,noaa_gefs,08,AirTemp_C_mean,35,0.9818664550781477
gep08,00,2023-11-27,2024-01-01,gcrew,noaa_gefs,08,RH_percent_mean,35,55.25293731689453
gep08,00,2023-11-27,2024-01-01,gcrew,noaa_gefs,08,Rain_mm_sum,35,0
gep08,00,2023-11-27,2024-01-01,gcrew,noaa_gefs,08,ShortwaveRadiation_Wm2,35,150
gep08,00,2023-11-27,2024-01-01,gcrew,noaa_gefs,08,WindSpeed_ms_mean,35,5.577020295958797
gep09,00,2023-11-27,2023-11-27,gcrew,noaa_gefs,09,AirTemp_C_mean,0,7.930160958426362
gep09,00,2023-11-27,2023-11-27,gcrew,noaa_gefs,09,RH_percent_mean,0,65.77873774937221
gep09,00,2023-11-27,2023-11-27,gcrew,noaa_gefs,09,Rain_mm_sum,0,1.409999966621399
gep09,00,2023-11-27,2023-11-27,gcrew,noaa_gefs,09,ShortwaveRadiation_Wm2,0,120
gep09,00,2023-11-27,2023-11-27,gcrew,noaa_gefs,09,WindSpeed_ms_mean,0,6.98831636820665
gep09,00,2023-11-27,2023-11-28,gcrew,noaa_gefs,09,AirTemp_C_mean,1,3.143903350830101
gep09,00,2023-11-27,2023-11-28,gcrew,noaa_gefs,09,RH_percent_mean,1,51.75671911239624
gep09,00,2023-11-27,2023-11-28,gcrew,noaa_gefs,09,Rain_mm_sum,1,0
gep09,00,2023-11-27,2023-11-28,gcrew,noaa_gefs,09,ShortwaveRadiation_Wm2,1,117.25
gep09,00,2023-11-27,2023-11-28,gcrew,noaa_gefs,09,WindSpeed_ms_mean,1,8.719262777459525
gep09,00,2023-11-27,2023-11-29,gcrew,noaa_gefs,09,AirTemp_C_mean,2,0.5654579162597884
gep09,00,2023-11-27,2023-11-29,gcrew,noaa_gefs,09,RH_percent_mean,2,45.022233963012695
gep09,00,2023-11-27,2023-11-29,gcrew,noaa_gefs,09,Rain_mm_sum,2,0
gep09,00,2023-11-27,2023-11-29,gcrew,noaa_gefs,09,ShortwaveRadiation_Wm2,2,123.75
gep09,00,2023-11-27,2023-11-29,gcrew,noaa_gefs,09,WindSpeed_ms_mean,2,6.168336011919848
gep09,00,2023-11-27,2023-11-30,gcrew,noaa_gefs,09,AirTemp_C_mean,3,5.442548370361351
gep09,00,2023-11-27,2023-11-30,gcrew,noaa_gefs,09,RH_percent_mean,3,51.092037200927734
gep09,00,2023-11-27,2023-11-30,gcrew,noaa_gefs,09,Rain_mm_sum,3,0
gep09,00,2023-11-27,2023-11-30,gcrew,noaa_gefs,09,ShortwaveRadiation_Wm2,3,115
gep09,00,2023-11-27,2023-11-30,gcrew,noaa_gefs,09,WindSpeed_ms_mean,3,4.647622723424587
gep09,00,2023-11-27,2023-12-01,gcrew,noaa_gefs,09,AirTemp_C_mean,4,9.021810150146507
gep09,00,2023-11-27,2023-12-01,gcrew,noaa_gefs,09,RH_percent_mean,4,66.71106433868408
gep09,00,2023-11-27,2023-12-01,gcrew,noaa_gefs,09,Rain_mm_sum,4,0.9099999666213989
gep09,00,2023-11-27,2023-12-01,gcrew,noaa_gefs,09,ShortwaveRadiation_Wm2,4,56.25
gep09,00,2023-11-27,2023-12-01,gcrew,noaa_gefs,09,WindSpeed_ms_mean,4,5.704241102456863
gep09,00,2023-11-27,2023-12-02,gcrew,noaa_gefs,09,AirTemp_C_mean,5,11.22754821777346
gep09,00,2023-11-27,2023-12-02,gcrew,noaa_gefs,09,RH_percent_mean,5,89.3065881729126
gep09,00,2023-11-27,2023-12-02,gcrew,noaa_gefs,09,Rain_mm_sum,5,2.1299999933689833
gep09,00,2023-11-27,2023-12-02,gcrew,noaa_gefs,09,ShortwaveRadiation_Wm2,5,68.75
gep09,00,2023-11-27,2023-12-02,gcrew,noaa_gefs,09,WindSpeed_ms_mean,5,3.257810854788391
gep09,00,2023-11-27,2023-12-03,gcrew,noaa_gefs,09,AirTemp_C_mean,6,11.987805938720726
gep09,00,2023-11-27,2023-12-03,gcrew,noaa_gefs,09,RH_percent_mean,6,95.10680103302002
gep09,00,2023-11-27,2023-12-03,gcrew,noaa_gefs,09,Rain_mm_sum,6,40.17000102996826
gep09,00,2023-11-27,2023-12-03,gcrew,noaa_gefs,09,ShortwaveRadiation_Wm2,6,25
gep09,00,2023-11-27,2023-12-03,gcrew,noaa_gefs,09,WindSpeed_ms_mean,6,3.011062993601093
gep09,00,2023-11-27,2023-12-04,gcrew,noaa_gefs,09,AirTemp_C_mean,7,10.208066558837913
gep09,00,2023-11-27,2023-12-04,gcrew,noaa_gefs,09,RH_percent_mean,7,69.40479469299316
gep09,00,2023-11-27,2023-12-04,gcrew,noaa_gefs,09,Rain_mm_sum,7,0.10000000149011612
gep09,00,2023-11-27,2023-12-04,gcrew,noaa_gefs,09,ShortwaveRadiation_Wm2,7,83.75
gep09,00,2023-11-27,2023-12-04,gcrew,noaa_gefs,09,WindSpeed_ms_mean,7,4.650060705382802
gep09,00,2023-11-27,2023-12-05,gcrew,noaa_gefs,09,AirTemp_C_mean,8,7.09925231933596
gep09,00,2023-11-27,2023-12-05,gcrew,noaa_gefs,09,RH_percent_mean,8,59.26151514053345
gep09,00,2023-11-27,2023-12-05,gcrew,noaa_gefs,09,Rain_mm_sum,8,0
gep09,00,2023-11-27,2023-12-05,gcrew,noaa_gefs,09,ShortwaveRadiation_Wm2,8,90
gep09,00,2023-11-27,2023-12-05,gcrew,noaa_gefs,09,WindSpeed_ms_mean,8,4.769365907420658
gep09,00,2023-11-27,2023-12-06,gcrew,noaa_gefs,09,AirTemp_C_mean,9,5.801030731201195
gep09,00,2023-11-27,2023-12-06,gcrew,noaa_gefs,09,RH_percent_mean,9,66.42868709564209
gep09,00,2023-11-27,2023-12-06,gcrew,noaa_gefs,09,Rain_mm_sum,9,0.10000000149011612
gep09,00,2023-11-27,2023-12-06,gcrew,noaa_gefs,09,ShortwaveRadiation_Wm2,9,73.75
gep09,00,2023-11-27,2023-12-06,gcrew,noaa_gefs,09,WindSpeed_ms_mean,9,5.121497430910974
gep09,00,2023-11-27,2023-12-07,gcrew,noaa_gefs,09,AirTemp_C_mean,10,4.628167724609398
gep09,00,2023-11-27,2023-12-07,gcrew,noaa_gefs,09,RH_percent_mean,10,60.15670585632324
gep09,00,2023-11-27,2023-12-07,gcrew,noaa_gefs,09,Rain_mm_sum,10,0.10000000149011612
gep09,00,2023-11-27,2023-12-07,gcrew,noaa_gefs,09,ShortwaveRadiation_Wm2,10,80
gep09,00,2023-11-27,2023-12-07,gcrew,noaa_gefs,09,WindSpeed_ms_mean,10,6.409377329262826
gep09,00,2023-11-27,2023-12-08,gcrew,noaa_gefs,09,AirTemp_C_mean,11,7.60364685058596
gep09,00,2023-11-27,2023-12-08,gcrew,noaa_gefs,09,RH_percent_mean,11,60.32244300842285
gep09,00,2023-11-27,2023-12-08,gcrew,noaa_gefs,09,Rain_mm_sum,11,0
gep09,00,2023-11-27,2023-12-08,gcrew,noaa_gefs,09,ShortwaveRadiation_Wm2,11,85
gep09,00,2023-11-27,2023-12-08,gcrew,noaa_gefs,09,WindSpeed_ms_mean,11,2.9631373493483464
gep09,00,2023-11-27,2023-12-09,gcrew,noaa_gefs,09,AirTemp_C_mean,12,9.189378356933616
gep09,00,2023-11-27,2023-12-09,gcrew,noaa_gefs,09,RH_percent_mean,12,70.98326873779297
gep09,00,2023-11-27,2023-12-09,gcrew,noaa_gefs,09,Rain_mm_sum,12,0
gep09,00,2023-11-27,2023-12-09,gcrew,noaa_gefs,09,ShortwaveRadiation_Wm2,12,92.5
gep09,00,2023-11-27,2023-12-09,gcrew,noaa_gefs,09,WindSpeed_ms_mean,12,4.254736907169081
gep09,00,2023-11-27,2023-12-10,gcrew,noaa_gefs,09,AirTemp_C_mean,13,12.441644287109398
gep09,00,2023-11-27,2023-12-10,gcrew,noaa_gefs,09,RH_percent_mean,13,82.82262802124023
gep09,00,2023-11-27,2023-12-10,gcrew,noaa_gefs,09,Rain_mm_sum,13,0.800000011920929
gep09,00,2023-11-27,2023-12-10,gcrew,noaa_gefs,09,ShortwaveRadiation_Wm2,13,52.5
gep09,00,2023-11-27,2023-12-10,gcrew,noaa_gefs,09,WindSpeed_ms_mean,13,7.214954621995648
gep09,00,2023-11-27,2023-12-11,gcrew,noaa_gefs,09,AirTemp_C_mean,14,8.196138000488304
gep09,00,2023-11-27,2023-12-11,gcrew,noaa_gefs,09,RH_percent_mean,14,67.96190357208252
gep09,00,2023-11-27,2023-12-11,gcrew,noaa_gefs,09,Rain_mm_sum,14,36.89999961853027
gep09,00,2023-11-27,2023-12-11,gcrew,noaa_gefs,09,ShortwaveRadiation_Wm2,14,77.5
gep09,00,2023-11-27,2023-12-11,gcrew,noaa_gefs,09,WindSpeed_ms_mean,14,9.841349318979457
gep09,00,2023-11-27,2023-12-12,gcrew,noaa_gefs,09,AirTemp_C_mean,15,4.513063049316429
gep09,00,2023-11-27,2023-12-12,gcrew,noaa_gefs,09,RH_percent_mean,15,51.38350963592529
gep09,00,2023-11-27,2023-12-12,gcrew,noaa_gefs,09,Rain_mm_sum,15,0
gep09,00,2023-11-27,2023-12-12,gcrew,noaa_gefs,09,ShortwaveRadiation_Wm2,15,115
gep09,00,2023-11-27,2023-12-12,gcrew,noaa_gefs,09,WindSpeed_ms_mean,15,6.445321660564322
gep09,00,2023-11-27,2023-12-13,gcrew,noaa_gefs,09,AirTemp_C_mean,16,6.0189071655273665
gep09,00,2023-11-27,2023-12-13,gcrew,noaa_gefs,09,RH_percent_mean,16,54.307085037231445
gep09,00,2023-11-27,2023-12-13,gcrew,noaa_gefs,09,Rain_mm_sum,16,0
gep09,00,2023-11-27,2023-12-13,gcrew,noaa_gefs,09,ShortwaveRadiation_Wm2,16,95
gep09,00,2023-11-27,2023-12-13,gcrew,noaa_gefs,09,WindSpeed_ms_mean,16,4.919506652192801
gep09,00,2023-11-27,2023-12-14,gcrew,noaa_gefs,09,AirTemp_C_mean,17,1.9536911010742415
gep09,00,2023-11-27,2023-12-14,gcrew,noaa_gefs,09,RH_percent_mean,17,54.30481147766113
gep09,00,2023-11-27,2023-12-14,gcrew,noaa_gefs,09,Rain_mm_sum,17,0
gep09,00,2023-11-27,2023-12-14,gcrew,noaa_gefs,09,ShortwaveRadiation_Wm2,17,102.5
gep09,00,2023-11-27,2023-12-14,gcrew,noaa_gefs,09,WindSpeed_ms_mean,17,6.970441376959462
gep09,00,2023-11-27,2023-12-15,gcrew,noaa_gefs,09,AirTemp_C_mean,18,4.5534530639648665
gep09,00,2023-11-27,2023-12-15,gcrew,noaa_gefs,09,RH_percent_mean,18,48.15119743347168
gep09,00,2023-11-27,2023-12-15,gcrew,noaa_gefs,09,Rain_mm_sum,18,0
gep09,00,2023-11-27,2023-12-15,gcrew,noaa_gefs,09,ShortwaveRadiation_Wm2,18,110
gep09,00,2023-11-27,2023-12-15,gcrew,noaa_gefs,09,WindSpeed_ms_mean,18,6.043071901033547
gep09,00,2023-11-27,2023-12-16,gcrew,noaa_gefs,09,AirTemp_C_mean,19,7.143457031250023
gep09,00,2023-11-27,2023-12-16,gcrew,noaa_gefs,09,RH_percent_mean,19,52.20172309875488
gep09,00,2023-11-27,2023-12-16,gcrew,noaa_gefs,09,Rain_mm_sum,19,0
gep09,00,2023-11-27,2023-12-16,gcrew,noaa_gefs,09,ShortwaveRadiation_Wm2,19,111.5
gep09,00,2023-11-27,2023-12-16,gcrew,noaa_gefs,09,WindSpeed_ms_mean,19,5.818199168438026
gep09,00,2023-11-27,2023-12-17,gcrew,noaa_gefs,09,AirTemp_C_mean,20,6.060304260253929
gep09,00,2023-11-27,2023-12-17,gcrew,noaa_gefs,09,RH_percent_mean,20,73.71020603179932
gep09,00,2023-11-27,2023-12-17,gcrew,noaa_gefs,09,Rain_mm_sum,20,0
gep09,00,2023-11-27,2023-12-17,gcrew,noaa_gefs,09,ShortwaveRadiation_Wm2,20,67.5
gep09,00,2023-11-27,2023-12-17,gcrew,noaa_gefs,09,WindSpeed_ms_mean,20,4.95647322638626
gep09,00,2023-11-27,2023-12-18,gcrew,noaa_gefs,09,AirTemp_C_mean,21,7.519563293457054
gep09,00,2023-11-27,2023-12-18,gcrew,noaa_gefs,09,RH_percent_mean,21,87.2380199432373
gep09,00,2023-11-27,2023-12-18,gcrew,noaa_gefs,09,Rain_mm_sum,21,14.800000309944153
gep09,00,2023-11-27,2023-12-18,gcrew,noaa_gefs,09,ShortwaveRadiation_Wm2,21,10
gep09,00,2023-11-27,2023-12-18,gcrew,noaa_gefs,09,WindSpeed_ms_mean,21,6.641896038089156
gep09,00,2023-11-27,2023-12-19,gcrew,noaa_gefs,09,AirTemp_C_mean,22,7.543115234375023
gep09,00,2023-11-27,2023-12-19,gcrew,noaa_gefs,09,RH_percent_mean,22,82.2885913848877
gep09,00,2023-11-27,2023-12-19,gcrew,noaa_gefs,09,Rain_mm_sum,22,7.600000008940697
gep09,00,2023-11-27,2023-12-19,gcrew,noaa_gefs,09,ShortwaveRadiation_Wm2,22,42.5
gep09,00,2023-11-27,2023-12-19,gcrew,noaa_gefs,09,WindSpeed_ms_mean,22,5.825227171579426
gep09,00,2023-11-27,2023-12-20,gcrew,noaa_gefs,09,AirTemp_C_mean,23,8.987573242187523
gep09,00,2023-11-27,2023-12-20,gcrew,noaa_gefs,09,RH_percent_mean,23,80.18497467041016
gep09,00,2023-11-27,2023-12-20,gcrew,noaa_gefs,09,Rain_mm_sum,23,0.30000000447034836
gep09,00,2023-11-27,2023-12-20,gcrew,noaa_gefs,09,ShortwaveRadiation_Wm2,23,42.5
gep09,00,2023-11-27,2023-12-20,gcrew,noaa_gefs,09,WindSpeed_ms_mean,23,4.078718289512819
gep09,00,2023-11-27,2023-12-21,gcrew,noaa_gefs,09,AirTemp_C_mean,24,8.525712585449241
gep09,00,2023-11-27,2023-12-21,gcrew,noaa_gefs,09,RH_percent_mean,24,76.58914756774902
gep09,00,2023-11-27,2023-12-21,gcrew,noaa_gefs,09,Rain_mm_sum,24,36.49999952316284
gep09,00,2023-11-27,2023-12-21,gcrew,noaa_gefs,09,ShortwaveRadiation_Wm2,24,75
gep09,00,2023-11-27,2023-12-21,gcrew,noaa_gefs,09,WindSpeed_ms_mean,24,11.62732320451973
gep09,00,2023-11-27,2023-12-22,gcrew,noaa_gefs,09,AirTemp_C_mean,25,6.965997314453148
gep09,00,2023-11-27,2023-12-22,gcrew,noaa_gefs,09,RH_percent_mean,25,62.65604782104492
gep09,00,2023-11-27,2023-12-22,gcrew,noaa_gefs,09,Rain_mm_sum,25,0
gep09,00,2023-11-27,2023-12-22,gcrew,noaa_gefs,09,ShortwaveRadiation_Wm2,25,110
gep09,00,2023-11-27,2023-12-22,gcrew,noaa_gefs,09,WindSpeed_ms_mean,25,8.727689670673977
gep09,00,2023-11-27,2023-12-23,gcrew,noaa_gefs,09,AirTemp_C_mean,26,6.719461059570335
gep09,00,2023-11-27,2023-12-23,gcrew,noaa_gefs,09,RH_percent_mean,26,62.82187747955322
gep09,00,2023-11-27,2023-12-23,gcrew,noaa_gefs,09,Rain_mm_sum,26,0
gep09,00,2023-11-27,2023-12-23,gcrew,noaa_gefs,09,ShortwaveRadiation_Wm2,26,87.5
gep09,00,2023-11-27,2023-12-23,gcrew,noaa_gefs,09,WindSpeed_ms_mean,26,2.369054386272265
gep09,00,2023-11-27,2023-12-24,gcrew,noaa_gefs,09,AirTemp_C_mean,27,5.3032699584961165
gep09,00,2023-11-27,2023-12-24,gcrew,noaa_gefs,09,RH_percent_mean,27,81.36386299133301
gep09,00,2023-11-27,2023-12-24,gcrew,noaa_gefs,09,Rain_mm_sum,27,28.30000114440918
gep09,00,2023-11-27,2023-12-24,gcrew,noaa_gefs,09,ShortwaveRadiation_Wm2,27,57.5
gep09,00,2023-11-27,2023-12-24,gcrew,noaa_gefs,09,WindSpeed_ms_mean,27,4.459078748032569
gep09,00,2023-11-27,2023-12-25,gcrew,noaa_gefs,09,AirTemp_C_mean,28,5.13581237792971
gep09,00,2023-11-27,2023-12-25,gcrew,noaa_gefs,09,RH_percent_mean,28,81.22675704956055
gep09,00,2023-11-27,2023-12-25,gcrew,noaa_gefs,09,Rain_mm_sum,28,1.4999999776482582
gep09,00,2023-11-27,2023-12-25,gcrew,noaa_gefs,09,ShortwaveRadiation_Wm2,28,35
gep09,00,2023-11-27,2023-12-25,gcrew,noaa_gefs,09,WindSpeed_ms_mean,28,4.003474868197337
gep09,00,2023-11-27,2023-12-26,gcrew,noaa_gefs,09,AirTemp_C_mean,29,4.564202880859398
gep09,00,2023-11-27,2023-12-26,gcrew,noaa_gefs,09,RH_percent_mean,29,65.44478416442871
gep09,00,2023-11-27,2023-12-26,gcrew,noaa_gefs,09,Rain_mm_sum,29,0.6000000238418579
gep09,00,2023-11-27,2023-12-26,gcrew,noaa_gefs,09,ShortwaveRadiation_Wm2,29,95
gep09,00,2023-11-27,2023-12-26,gcrew,noaa_gefs,09,WindSpeed_ms_mean,29,4.794088178148612
gep09,00,2023-11-27,2023-12-27,gcrew,noaa_gefs,09,AirTemp_C_mean,30,2.5684982299804915
gep09,00,2023-11-27,2023-12-27,gcrew,noaa_gefs,09,RH_percent_mean,30,61.19670581817627
gep09,00,2023-11-27,2023-12-27,gcrew,noaa_gefs,09,Rain_mm_sum,30,0.20000000298023224
gep09,00,2023-11-27,2023-12-27,gcrew,noaa_gefs,09,ShortwaveRadiation_Wm2,30,103
gep09,00,2023-11-27,2023-12-27,gcrew,noaa_gefs,09,WindSpeed_ms_mean,30,7.929123668297478
gep09,00,2023-11-27,2023-12-28,gcrew,noaa_gefs,09,AirTemp_C_mean,31,0.24892578125002274
gep09,00,2023-11-27,2023-12-28,gcrew,noaa_gefs,09,RH_percent_mean,31,54.894179344177246
gep09,00,2023-11-27,2023-12-28,gcrew,noaa_gefs,09,Rain_mm_sum,31,0
gep09,00,2023-11-27,2023-12-28,gcrew,noaa_gefs,09,ShortwaveRadiation_Wm2,31,107.5
gep09,00,2023-11-27,2023-12-28,gcrew,noaa_gefs,09,WindSpeed_ms_mean,31,8.369389072984506
gep09,00,2023-11-27,2023-12-29,gcrew,noaa_gefs,09,AirTemp_C_mean,32,2.135316467285179
gep09,00,2023-11-27,2023-12-29,gcrew,noaa_gefs,09,RH_percent_mean,32,49.380462646484375
gep09,00,2023-11-27,2023-12-29,gcrew,noaa_gefs,09,Rain_mm_sum,32,0
gep09,00,2023-11-27,2023-12-29,gcrew,noaa_gefs,09,ShortwaveRadiation_Wm2,32,100
gep09,00,2023-11-27,2023-12-29,gcrew,noaa_gefs,09,WindSpeed_ms_mean,32,4.864784430286628
gep09,00,2023-11-27,2023-12-30,gcrew,noaa_gefs,09,AirTemp_C_mean,33,2.2571350097656477
gep09,00,2023-11-27,2023-12-30,gcrew,noaa_gefs,09,RH_percent_mean,33,58.125136375427246
gep09,00,2023-11-27,2023-12-30,gcrew,noaa_gefs,09,Rain_mm_sum,33,0
gep09,00,2023-11-27,2023-12-30,gcrew,noaa_gefs,09,ShortwaveRadiation_Wm2,33,105
gep09,00,2023-11-27,2023-12-30,gcrew,noaa_gefs,09,WindSpeed_ms_mean,33,8.121758892113014
gep09,00,2023-11-27,2023-12-31,gcrew,noaa_gefs,09,AirTemp_C_mean,34,0.35221252441408524
gep09,00,2023-11-27,2023-12-31,gcrew,noaa_gefs,09,RH_percent_mean,34,59.313002586364746
gep09,00,2023-11-27,2023-12-31,gcrew,noaa_gefs,09,Rain_mm_sum,34,0
gep09,00,2023-11-27,2023-12-31,gcrew,noaa_gefs,09,ShortwaveRadiation_Wm2,34,110
gep09,00,2023-11-27,2023-12-31,gcrew,noaa_gefs,09,WindSpeed_ms_mean,34,7.684706090714355
gep09,00,2023-11-27,2024-01-01,gcrew,noaa_gefs,09,AirTemp_C_mean,35,0.9818664550781477
gep09,00,2023-11-27,2024-01-01,gcrew,noaa_gefs,09,RH_percent_mean,35,55.25293731689453
gep09,00,2023-11-27,2024-01-01,gcrew,noaa_gefs,09,Rain_mm_sum,35,0
gep09,00,2023-11-27,2024-01-01,gcrew,noaa_gefs,09,ShortwaveRadiation_Wm2,35,150
gep09,00,2023-11-27,2024-01-01,gcrew,noaa_gefs,09,WindSpeed_ms_mean,35,5.577020295958797
gep10,00,2023-11-27,2023-11-27,gcrew,noaa_gefs,10,AirTemp_C_mean,0,7.930160958426362
gep10,00,2023-11-27,2023-11-27,gcrew,noaa_gefs,10,RH_percent_mean,0,65.77873774937221
gep10,00,2023-11-27,2023-11-27,gcrew,noaa_gefs,10,Rain_mm_sum,0,1.409999966621399
gep10,00,2023-11-27,2023-11-27,gcrew,noaa_gefs,10,ShortwaveRadiation_Wm2,0,120
gep10,00,2023-11-27,2023-11-27,gcrew,noaa_gefs,10,WindSpeed_ms_mean,0,6.98831636820665
gep10,00,2023-11-27,2023-11-28,gcrew,noaa_gefs,10,AirTemp_C_mean,1,3.143903350830101
gep10,00,2023-11-27,2023-11-28,gcrew,noaa_gefs,10,RH_percent_mean,1,51.75671911239624
gep10,00,2023-11-27,2023-11-28,gcrew,noaa_gefs,10,Rain_mm_sum,1,0
gep10,00,2023-11-27,2023-11-28,gcrew,noaa_gefs,10,ShortwaveRadiation_Wm2,1,117.25
gep10,00,2023-11-27,2023-11-28,gcrew,noaa_gefs,10,WindSpeed_ms_mean,1,8.719262777459525
gep10,00,2023-11-27,2023-11-29,gcrew,noaa_gefs,10,AirTemp_C_mean,2,0.5654579162597884
gep10,00,2023-11-27,2023-11-29,gcrew,noaa_gefs,10,RH_percent_mean,2,45.022233963012695
gep10,00,2023-11-27,2023-11-29,gcrew,noaa_gefs,10,Rain_mm_sum,2,0
gep10,00,2023-11-27,2023-11-29,gcrew,noaa_gefs,10,ShortwaveRadiation_Wm2,2,123.75
gep10,00,2023-11-27,2023-11-29,gcrew,noaa_gefs,10,WindSpeed_ms_mean,2,6.168336011919848
gep10,00,2023-11-27,2023-11-30,gcrew,noaa_gefs,10,AirTemp_C_mean,3,5.442548370361351
gep10,00,2023-11-27,2023-11-30,gcrew,noaa_gefs,10,RH_percent_mean,3,51.092037200927734
gep10,00,2023-11-27,2023-11-30,gcrew,noaa_gefs,10,Rain_mm_sum,3,0
gep10,00,2023-11-27,2023-11-30,gcrew,noaa_gefs,10,ShortwaveRadiation_Wm2,3,115
gep10,00,2023-11-27,2023-11-30,gcrew,noaa_gefs,10,WindSpeed_ms_mean,3,4.647622723424587
gep10,00,2023-11-27,2023-12-01,gcrew,noaa_gefs,10,AirTemp_C_mean,4,9.021810150146507
gep10,00,2023-11-27,2023-12-01,gcrew,noaa_gefs,10,RH_percent_mean,4,66.71106433868408
gep10,00,2023-11-27,2023-12-01,gcrew,noaa_gefs,10,Rain_mm_sum,4,0.9099999666213989
gep10,00,2023-11-27,2023-12-01,gcrew,noaa_gefs,10,ShortwaveRadiation_Wm2,4,56.25
gep10,00,2023-11-27,2023-12-01,gcrew,noaa_gefs,10,WindSpeed_ms_mean,4,5.704241102456863
gep10,00,2023-11-27,2023-12-02,gcrew,noaa_gefs,10,AirTemp_C_mean,5,11.22754821777346
gep10,00,2023-11-27,2023-12-02,gcrew,noaa_gefs,10,RH_percent_mean,5,89.3065881729126
gep10,00,2023-11-27,2023-12-02,gcrew,noaa_gefs,10,Rain_mm_sum,5,2.1299999933689833
gep10,00,2023-11-27,2023-12-02,gcrew,noaa_gefs,10,ShortwaveRadiation_Wm2,5,68.75
gep10,00,2023-11-27,2023-12-02,gcrew,noaa_gefs,10,WindSpeed_ms_mean,5,3.257810854788391
gep10,00,2023-11-27,2023-12-03,gcrew,noaa_gefs,10,AirTemp_C_mean,6,11.987805938720726
gep10,00,2023-11-27,2023-12-03,gcrew,noaa_gefs,10,RH_percent_mean,6,95.10680103302002
gep10,00,2023-11-27,2023-12-03,gcrew,noaa_gefs,10,Rain_mm_sum,6,40.17000102996826
gep10,00,2023-11-27,2023-12-03,gcrew,noaa_gefs,10,ShortwaveRadiation_Wm2,6,25
gep10,00,2023-11-27,2023-12-03,gcrew,noaa_gefs,10,WindSpeed_ms_mean,6,3.011062993601093
gep10,00,2023-11-27,2023-12-04,gcrew,noaa_gefs,10,AirTemp_C_mean,7,10.208066558837913
gep10,00,2023-11-27,2023-12-04,gcrew,noaa_gefs,10,RH_percent_mean,7,69.40479469299316
gep10,00,2023-11-27,2023-12-04,gcrew,noaa_gefs,10,Rain_mm_sum,7,0.10000000149011612
gep10,00,2023-11-27,2023-12-04,gcrew,noaa_gefs,10,ShortwaveRadiation_Wm2,7,83.75
gep10,00,2023-11-27,2023-12-04,gcrew,noaa_gefs,10,WindSpeed_ms_mean,7,4.650060705382802
gep10,00,2023-11-27,2023-12-05,gcrew,noaa_gefs,10,AirTemp_C_mean,8,7.09925231933596
gep10,00,2023-11-27,2023-12-05,gcrew,noaa_gefs,10,RH_percent_mean,8,59.26151514053345
gep10,00,2023-11-27,2023-12-05,gcrew,noaa_gefs,10,Rain_mm_sum,8,0
gep10,00,2023-11-27,2023-12-05,gcrew,noaa_gefs,10,ShortwaveRadiation_Wm2,8,90
gep10,00,2023-11-27,2023-12-05,gcrew,noaa_gefs,10,WindSpeed_ms_mean,8,4.769365907420658
gep10,00,2023-11-27,2023-12-06,gcrew,noaa_gefs,10,AirTemp_C_mean,9,5.801030731201195
gep10,00,2023-11-27,2023-12-06,gcrew,noaa_gefs,10,RH_percent_mean,9,66.42868709564209
gep10,00,2023-11-27,2023-12-06,gcrew,noaa_gefs,10,Rain_mm_sum,9,0.10000000149011612
gep10,00,2023-11-27,2023-12-06,gcrew,noaa_gefs,10,ShortwaveRadiation_Wm2,9,73.75
gep10,00,2023-11-27,2023-12-06,gcrew,noaa_gefs,10,WindSpeed_ms_mean,9,5.121497430910974
gep10,00,2023-11-27,2023-12-07,gcrew,noaa_gefs,10,AirTemp_C_mean,10,4.628167724609398
gep10,00,2023-11-27,2023-12-07,gcrew,noaa_gefs,10,RH_percent_mean,10,60.15670585632324
gep10,00,2023-11-27,2023-12-07,gcrew,noaa_gefs,10,Rain_mm_sum,10,0.10000000149011612
gep10,00,2023-11-27,2023-12-07,gcrew,noaa_gefs,10,ShortwaveRadiation_Wm2,10,80
gep10,00,2023-11-27,2023-12-07,gcrew,noaa_gefs,10,WindSpeed_ms_mean,10,6.409377329262826
gep10,00,2023-11-27,2023-12-08,gcrew,noaa_gefs,10,AirTemp_C_mean,11,7.60364685058596
gep10,00,2023-11-27,2023-12-08,gcrew,noaa_gefs,10,RH_percent_mean,11,60.32244300842285
gep10,00,2023-11-27,2023-12-08,gcrew,noaa_gefs,10,Rain_mm_sum,11,0
gep10,00,2023-11-27,2023-12-08,gcrew,noaa_gefs,10,ShortwaveRadiation_Wm2,11,85
gep10,00,2023-11-27,2023-12-08,gcrew,noaa_gefs,10,WindSpeed_ms_mean,11,2.9631373493483464
gep10,00,2023-11-27,2023-12-09,gcrew,noaa_gefs,10,AirTemp_C_mean,12,9.189378356933616
gep10,00,2023-11-27,2023-12-09,gcrew,noaa_gefs,10,RH_percent_mean,12,70.98326873779297
gep10,00,2023-11-27,2023-12-09,gcrew,noaa_gefs,10,Rain_mm_sum,12,0
gep10,00,2023-11-27,2023-12-09,gcrew,noaa_gefs,10,ShortwaveRadiation_Wm2,12,92.5
gep10,00,2023-11-27,2023-12-09,gcrew,noaa_gefs,10,WindSpeed_ms_mean,12,4.254736907169081
gep10,00,2023-11-27,2023-12-10,gcrew,noaa_gefs,10,AirTemp_C_mean,13,12.441644287109398
gep10,00,2023-11-27,2023-12-10,gcrew,noaa_gefs,10,RH_percent_mean,13,82.82262802124023
gep10,00,2023-11-27,2023-12-10,gcrew,noaa_gefs,10,Rain_mm_sum,13,0.800000011920929
gep10,00,2023-11-27,2023-12-10,gcrew,noaa_gefs,10,ShortwaveRadiation_Wm2,13,52.5
gep10,00,2023-11-27,2023-12-10,gcrew,noaa_gefs,10,WindSpeed_ms_mean,13,7.214954621995648
gep10,00,2023-11-27,2023-12-11,gcrew,noaa_gefs,10,AirTemp_C_mean,14,8.196138000488304
gep10,00,2023-11-27,2023-12-11,gcrew,noaa_gefs,10,RH_percent_mean,14,67.96190357208252
gep10,00,2023-11-27,2023-12-11,gcrew,noaa_gefs,10,Rain_mm_sum,14,36.89999961853027
gep10,00,2023-11-27,2023-12-11,gcrew,noaa_gefs,10,ShortwaveRadiation_Wm2,14,77.5
gep10,00,2023-11-27,2023-12-11,gcrew,noaa_gefs,10,WindSpeed_ms_mean,14,9.841349318979457
gep10,00,2023-11-27,2023-12-12,gcrew,noaa_gefs,10,AirTemp_C_mean,15,4.513063049316429
gep10,00,2023-11-27,2023-12-12,gcrew,noaa_gefs,10,RH_percent_mean,15,51.38350963592529
gep10,00,2023-11-27,2023-12-12,gcrew,noaa_gefs,10,Rain_mm_sum,15,0
gep10,00,2023-11-27,2023-12-12,gcrew,noaa_gefs,10,ShortwaveRadiation_Wm2,15,115
gep10,00,2023-11-27,2023-12-12,gcrew,noaa_gefs,10,WindSpeed_ms_mean,15,6.445321660564322
gep10,00,2023-11-27,2023-12-13,gcrew,noaa_gefs,10,AirTemp_C_mean,16,6.0189071655273665
gep10,00,2023-11-27,2023-12-13,gcrew,noaa_gefs,10,RH_percent_mean,16,54.307085037231445
gep10,00,2023-11-27,2023-12-13,gcrew,noaa_gefs,10,Rain_mm_sum,16,0
gep10,00,2023-11-27,2023-12-13,gcrew,noaa_gefs,10,ShortwaveRadiation_Wm2,16,95
gep10,00,2023-11-27,2023-12-13,gcrew,noaa_gefs,10,WindSpeed_ms_mean,16,4.919506652192801
gep10,00,2023-11-27,2023-12-14,gcrew,noaa_gefs,10,AirTemp_C_mean,17,1.9536911010742415
gep10,00,2023-11-27,2023-12-14,gcrew,noaa_gefs,10,RH_percent_mean,17,54.30481147766113
gep10,00,2023-11-27,2023-12-14,gcrew,noaa_gefs,10,Rain_mm_sum,17,0
gep10,00,2023-11-27,2023-12-14,gcrew,noaa_gefs,10,ShortwaveRadiation_Wm2,17,102.5
gep10,00,2023-11-27,2023-12-14,gcrew,noaa_gefs,10,WindSpeed_ms_mean,17,6.970441376959462
gep10,00,2023-11-27,2023-12-15,gcrew,noaa_gefs,10,AirTemp_C_mean,18,4.5534530639648665
gep10,00,2023-11-27,2023-12-15,gcrew,noaa_gefs,10,RH_percent_mean,18,48.15119743347168
gep10,00,2023-11-27,2023-12-15,gcrew,noaa_gefs,10,Rain_mm_sum,18,0
gep10,00,2023-11-27,2023-12-15,gcrew,noaa_gefs,10,ShortwaveRadiation_Wm2,18,110
gep10,00,2023-11-27,2023-12-15,gcrew,noaa_gefs,10,WindSpeed_ms_mean,18,6.043071901033547
gep10,00,2023-11-27,2023-12-16,gcrew,noaa_gefs,10,AirTemp_C_mean,19,7.143457031250023
gep10,00,2023-11-27,2023-12-16,gcrew,noaa_gefs,10,RH_percent_mean,19,52.20172309875488
gep10,00,2023-11-27,2023-12-16,gcrew,noaa_gefs,10,Rain_mm_sum,19,0
gep10,00,2023-11-27,2023-12-16,gcrew,noaa_gefs,10,ShortwaveRadiation_Wm2,19,111.5
gep10,00,2023-11-27,2023-12-16,gcrew,noaa_gefs,10,WindSpeed_ms_mean,19,5.818199168438026
gep10,00,2023-11-27,2023-12-17,gcrew,noaa_gefs,10,AirTemp_C_mean,20,6.060304260253929
gep10,00,2023-11-27,2023-12-17,gcrew,noaa_gefs,10,RH_percent_mean,20,73.71020603179932
gep10,00,2023-11-27,2023-12-17,gcrew,noaa_gefs,10,Rain_mm_sum,20,0
gep10,00,2023-11-27,2023-12-17,gcrew,noaa_gefs,10,ShortwaveRadiation_Wm2,20,67.5
gep10,00,2023-11-27,2023-12-17,gcrew,noaa_gefs,10,WindSpeed_ms_mean,20,4.95647322638626
gep10,00,2023-11-27,2023-12-18,gcrew,noaa_gefs,10,AirTemp_C_mean,21,7.519563293457054
gep10,00,2023-11-27,2023-12-18,gcrew,noaa_gefs,10,RH_percent_mean,21,87.2380199432373
gep10,00,2023-11-27,2023-12-18,gcrew,noaa_gefs,10,Rain_mm_sum,21,14.800000309944153
gep10,00,2023-11-27,2023-12-18,gcrew,noaa_gefs,10,ShortwaveRadiation_Wm2,21,10
gep10,00,2023-11-27,2023-12-18,gcrew,noaa_gefs,10,WindSpeed_ms_mean,21,6.641896038089156
gep10,00,2023-11-27,2023-12-19,gcrew,noaa_gefs,10,AirTemp_C_mean,22,7.543115234375023
gep10,00,2023-11-27,2023-12-19,gcrew,noaa_gefs,10,RH_percent_mean,22,82.2885913848877
gep10,00,2023-11-27,2023-12-19,gcrew,noaa_gefs,10,Rain_mm_sum,22,7.600000008940697
gep10,00,2023-11-27,2023-12-19,gcrew,noaa_gefs,10,ShortwaveRadiation_Wm2,22,42.5
gep10,00,2023-11-27,2023-12-19,gcrew,noaa_gefs,10,WindSpeed_ms_mean,22,5.825227171579426
gep10,00,2023-11-27,2023-12-20,gcrew,noaa_gefs,10,AirTemp_C_mean,23,8.987573242187523
gep10,00,2023-11-27,2023-12-20,gcrew,noaa_gefs,10,RH_percent_mean,23,80.18497467041016
gep10,00,2023-11-27,2023-12-20,gcrew,noaa_gefs,10,Rain_mm_sum,23,0.30000000447034836
gep10,00,2023-11-27,2023-12-20,gcrew,noaa_gefs,10,ShortwaveRadiation_Wm2,23,42.5
gep10,00,2023-11-27,2023-12-20,gcrew,noaa_gefs,10,WindSpeed_ms_mean,23,4.078718289512819
gep10,00,2023-11-27,2023-12-21,gcrew,noaa_gefs,10,AirTemp_C_mean,24,8.525712585449241
gep10,00,2023-11-27,2023-12-21,gcrew,noaa_gefs,10,RH_percent_mean,24,76.58914756774902
gep10,00,2023-11-27,2023-12-21,gcrew,noaa_gefs,10,Rain_mm_sum,24,36.49999952316284
gep10,00,2023-11-27,2023-12-21,gcrew,noaa_gefs,10,ShortwaveRadiation_Wm2,24,75
gep10,00,2023-11-27,2023-12-21,gcrew,noaa_gefs,10,WindSpeed_ms_mean,24,11.62732320451973
gep10,00,2023-11-27,2023-12-22,gcrew,noaa_gefs,10,AirTemp_C_mean,25,6.965997314453148
gep10,00,2023-11-27,2023-12-22,gcrew,noaa_gefs,10,RH_percent_mean,25,62.65604782104492
gep10,00,2023-11-27,2023-12-22,gcrew,noaa_gefs,10,Rain_mm_sum,25,0
gep10,00,2023-11-27,2023-12-22,gcrew,noaa_gefs,10,ShortwaveRadiation_Wm2,25,110
gep10,00,2023-11-27,2023-12-22,gcrew,noaa_gefs,10,WindSpeed_ms_mean,25,8.727689670673977
gep10,00,2023-11-27,2023-12-23,gcrew,noaa_gefs,10,AirTemp_C_mean,26,6.719461059570335
gep10,00,2023-11-27,2023-12-23,gcrew,noaa_gefs,10,RH_percent_mean,26,62.82187747955322
gep10,00,2023-11-27,2023-12-23,gcrew,noaa_gefs,10,Rain_mm_sum,26,0
gep10,00,2023-11-27,2023-12-23,gcrew,noaa_gefs,10,ShortwaveRadiation_Wm2,26,87.5
gep10,00,2023-11-27,2023-12-23,gcrew,noaa_gefs,10,WindSpeed_ms_mean,26,2.369054386272265
gep10,00,2023-11-27,2023-12-24,gcrew,noaa_gefs,10,AirTemp_C_mean,27,5.3032699584961165
gep10,00,2023-11-27,2023-12-24,gcrew,noaa_gefs,10,RH_percent_mean,27,81.36386299133301
gep10,00,2023-11-27,2023-12-24,gcrew,noaa_gefs,10,Rain_mm_sum,27,28.30000114440918
gep10,00,2023-11-27,2023-12-24,gcrew,noaa_gefs,10,ShortwaveRadiation_Wm2,27,57.5
gep10,00,2023-11-27,2023-12-24,gcrew,noaa_gefs,10,WindSpeed_ms_mean,27,4.459078748032569
gep10,00,2023-11-27,2023-12-25,gcrew,noaa_gefs,10,AirTemp_C_mean,28,5.13581237792971
gep10,00,2023-11-27,2023-12-25,gcrew,noaa_gefs,10,RH_percent_mean,28,81.22675704956055
gep10,00,2023-11-27,2023-12-25,gcrew,noaa_gefs,10,Rain_mm_sum,28,1.4999999776482582
gep10,00,2023-11-27,2023-12-25,gcrew,noaa_gefs,10,ShortwaveRadiation_Wm2,28,35
gep10,00,2023-11-27,2023-12-25,gcrew,noaa_gefs,10,WindSpeed_ms_mean,28,4.003474868197337
gep10,00,2023-11-27,2023-12-26,gcrew,noaa_gefs,10,AirTemp_C_mean,29,4.564202880859398
gep10,00,2023-11-27,2023-12-26,gcrew,noaa_gefs,10,RH_percent_mean,29,65.44478416442871
gep10,00,2023-11-27,2023-12-26,gcrew,noaa_gefs,10,Rain_mm_sum,29,0.6000000238418579
gep10,00,2023-11-27,2023-12-26,gcrew,noaa_gefs,10,ShortwaveRadiation_Wm2,29,95
gep10,00,2023-11-27,2023-12-26,gcrew,noaa_gefs,10,WindSpeed_ms_mean,29,4.794088178148612
gep10,00,2023-11-27,2023-12-27,gcrew,noaa_gefs,10,AirTemp_C_mean,30,2.5684982299804915
gep10,00,2023-11-27,2023-12-27,gcrew,noaa_gefs,10,RH_percent_mean,30,61.19670581817627
gep10,00,2023-11-27,2023-12-27,gcrew,noaa_gefs,10,Rain_mm_sum,30,0.20000000298023224
gep10,00,2023-11-27,2023-12-27,gcrew,noaa_gefs,10,ShortwaveRadiation_Wm2,30,103
gep10,00,2023-11-27,2023-12-27,gcrew,noaa_gefs,10,WindSpeed_ms_mean,30,7.929123668297478
gep10,00,2023-11-27,2023-12-28,gcrew,noaa_gefs,10,AirTemp_C_mean,31,0.24892578125002274
gep10,00,2023-11-27,2023-12-28,gcrew,noaa_gefs,10,RH_percent_mean,31,54.894179344177246
gep10,00,2023-11-27,2023-12-28,gcrew,noaa_gefs,10,Rain_mm_sum,31,0
gep10,00,2023-11-27,2023-12-28,gcrew,noaa_gefs,10,ShortwaveRadiation_Wm2,31,107.5
gep10,00,2023-11-27,2023-12-28,gcrew,noaa_gefs,10,WindSpeed_ms_mean,31,8.369389072984506
gep10,00,2023-11-27,2023-12-29,gcrew,noaa_gefs,10,AirTemp_C_mean,32,2.135316467285179
gep10,00,2023-11-27,2023-12-29,gcrew,noaa_gefs,10,RH_percent_mean,32,49.380462646484375
gep10,00,2023-11-27,2023-12-29,gcrew,noaa_gefs,10,Rain_mm_sum,32,0
gep10,00,2023-11-27,2023-12-29,gcrew,noaa_gefs,10,ShortwaveRadiation_Wm2,32,100
gep10,00,2023-11-27,2023-12-29,gcrew,noaa_gefs,10,WindSpeed_ms_mean,32,4.864784430286628
gep10,00,2023-11-27,2023-12-30,gcrew,noaa_gefs,10,AirTemp_C_mean,33,2.2571350097656477
gep10,00,2023-11-27,2023-12-30,gcrew,noaa_gefs,10,RH_percent_mean,33,58.125136375427246
gep10,00,2023-11-27,2023-12-30,gcrew,noaa_gefs,10,Rain_mm_sum,33,0
gep10,00,2023-11-27,2023-12-30,gcrew,noaa_gefs,10,ShortwaveRadiation_Wm2,33,105
gep10,00,2023-11-27,2023-12-30,gcrew,noaa_gefs,10,WindSpeed_ms_mean,33,8.121758892113014
gep10,00,2023-11-27,2023-12-31,gcrew,noaa_gefs,10,AirTemp_C_mean,34,0.35221252441408524
gep10,00,2023-11-27,2023-12-31,gcrew,noaa_gefs,10,RH_percent_mean,34,59.313002586364746
gep10,00,2023-11-27,2023-12-31,gcrew,noaa_gefs,10,Rain_mm_sum,34,0
gep10,00,2023-11-27,2023-12-31,gcrew,noaa_gefs,10,ShortwaveRadiation_Wm2,34,110
gep10,00,2023-11-27,2023-12-31,gcrew,noaa_gefs,10,WindSpeed_ms_mean,34,7.684706090714355
gep10,00,2023-11-27,2024-01-01,gcrew,noaa_gefs,10,AirTemp_C_mean,35,0.9818664550781477
gep10,00,2023-11-27,2024-01-01,gcrew,noaa_gefs,10,RH_percent_mean,35,55.25293731689453
gep10,00,2023-11-27,2024-01-01,gcrew,noaa_gefs,10,Rain_mm_sum,35,0
gep10,00,2023-11-27,2024-01-01,gcrew,noaa_gefs,10,ShortwaveRadiation_Wm2,35,150
gep10,00,2023-11-27,2024-01-01,gcrew,noaa_gefs,10,WindSpeed_ms_mean,35,5.577020295958797
gep11,00,2023-11-27,2023-11-27,gcrew,noaa_gefs,11,AirTemp_C_mean,0,7.930160958426362
gep11,00,2023-11-27,2023-11-27,gcrew,noaa_gefs,11,RH_percent_mean,0,65.77873774937221
gep11,00,2023-11-27,2023-11-27,gcrew,noaa_gefs,11,Rain_mm_sum,0,1.409999966621399
gep11,00,2023-11-27,2023-11-27,gcrew,noaa_gefs,11,ShortwaveRadiation_Wm2,0,120
gep11,00,2023-11-27,2023-11-27,gcrew,noaa_gefs,11,WindSpeed_ms_mean,0,6.98831636820665
gep11,00,2023-11-27,2023-11-28,gcrew,noaa_gefs,11,AirTemp_C_mean,1,3.143903350830101
gep11,00,2023-11-27,2023-11-28,gcrew,noaa_gefs,11,RH_percent_mean,1,51.75671911239624
gep11,00,2023-11-27,2023-11-28,gcrew,noaa_gefs,11,Rain_mm_sum,1,0
gep11,00,2023-11-27,2023-11-28,gcrew,noaa_gefs,11,ShortwaveRadiation_Wm2,1,117.25
gep11,00,2023-11-27,2023-11-28,gcrew,noaa_gefs,11,WindSpeed_ms_mean,1,8.719262777459525
gep11,00,2023-11-27,2023-11-29,gcrew,noaa_gefs,11,AirTemp_C_mean,2,0.5654579162597884
gep11,00,2023-11-27,2023-11-29,gcrew,noaa_gefs,11,RH_percent_mean,2,45.022233963012695
gep11,00,2023-11-27,2023-11-29,gcrew,noaa_gefs,11,Rain_mm_sum,2,0
gep11,00,2023-11-27,2023-11-29,gcrew,noaa_gefs,11,ShortwaveRadiation_Wm2,2,123.75
gep11,00,2023-11-27,2023-11-29,gcrew,noaa_gefs,11,WindSpeed_ms_mean,2,6.168336011919848
gep11,00,2023-11-27,2023-11-30,gcrew,noaa_gefs,11,AirTemp_C_mean,3,5.442548370361351
gep11,00,2023-11-27,2023-11-30,gcrew,noaa_gefs,11,RH_percent_mean,3,51.092037200927734
gep11,00,2023-11-27,2023-11-30,gcrew,noaa_gefs,11,Rain_mm_sum,3,0
gep11,00,2023-11-27,2023-11-30,gcrew,noaa_gefs,11,ShortwaveRadiation_Wm2,3,115
gep11,00,2023-11-27,2023-11-30,gcrew,noaa_gefs,11,WindSpeed_ms_mean,3,4.647622723424587
gep11,00,2023-11-27,2023-12-01,gcrew,noaa_gefs,11,AirTemp_C_mean,4,9.021810150146507
gep11,00,2023-11-27,2023-12-01,gcrew,noaa_gefs,11,RH_percent_mean,4,66.71106433868408
gep11,00,2023-11-27,2023-12-01,gcrew,noaa_gefs,11,Rain_mm_sum,4,0.9099999666213989
gep11,00,2023-11-27,2023-12-01,gcrew,noaa_gefs,11,ShortwaveRadiation_Wm2,4,56.25
gep11,00,2023-11-27,2023-12-01,gcrew,noaa_gefs,11,WindSpeed_ms_mean,4,5.704241102456863
gep11,00,2023-11-27,2023-12-02,gcrew,noaa_gefs,11,AirTemp_C_mean,5,11.22754821777346
gep11,00,2023-11-27,2023-12-02,gcrew,noaa_gefs,11,RH_percent_mean,5,89.3065881729126
gep11,00,2023-11-27,2023-12-02,gcrew,noaa_gefs,11,Rain_mm_sum,5,2.1299999933689833
gep11,00,2023-11-27,2023-12-02,gcrew,noaa_gefs,11,ShortwaveRadiation_Wm2,5,68.75
gep11,00,2023-11-27,2023-12-02,gcrew,noaa_gefs,11,WindSpeed_ms_mean,5,3.257810854788391
gep11,00,2023-11-27,2023-12-03,gcrew,noaa_gefs,11,AirTemp_C_mean,6,11.987805938720726
gep11,00,2023-11-27,2023-12-03,gcrew,noaa_gefs,11,RH_percent_mean,6,95.10680103302002
gep11,00,2023-11-27,2023-12-03,gcrew,noaa_gefs,11,Rain_mm_sum,6,40.17000102996826
gep11,00,2023-11-27,2023-12-03,gcrew,noaa_gefs,11,ShortwaveRadiation_Wm2,6,25
gep11,00,2023-11-27,2023-12-03,gcrew,noaa_gefs,11,WindSpeed_ms_mean,6,3.011062993601093
gep11,00,2023-11-27,2023-12-04,gcrew,noaa_gefs,11,AirTemp_C_mean,7,10.208066558837913
gep11,00,2023-11-27,2023-12-04,gcrew,noaa_gefs,11,RH_percent_mean,7,69.40479469299316
gep11,00,2023-11-27,2023-12-04,gcrew,noaa_gefs,11,Rain_mm_sum,7,0.10000000149011612
gep11,00,2023-11-27,2023-12-04,gcrew,noaa_gefs,11,ShortwaveRadiation_Wm2,7,83.75
gep11,00,2023-11-27,2023-12-04,gcrew,noaa_gefs,11,WindSpeed_ms_mean,7,4.650060705382802
gep11,00,2023-11-27,2023-12-05,gcrew,noaa_gefs,11,AirTemp_C_mean,8,7.09925231933596
gep11,00,2023-11-27,2023-12-05,gcrew,noaa_gefs,11,RH_percent_mean,8,59.26151514053345
gep11,00,2023-11-27,2023-12-05,gcrew,noaa_gefs,11,Rain_mm_sum,8,0
gep11,00,2023-11-27,2023-12-05,gcrew,noaa_gefs,11,ShortwaveRadiation_Wm2,8,90
gep11,00,2023-11-27,2023-12-05,gcrew,noaa_gefs,11,WindSpeed_ms_mean,8,4.769365907420658
gep11,00,2023-11-27,2023-12-06,gcrew,noaa_gefs,11,AirTemp_C_mean,9,5.801030731201195
gep11,00,2023-11-27,2023-12-06,gcrew,noaa_gefs,11,RH_percent_mean,9,66.42868709564209
gep11,00,2023-11-27,2023-12-06,gcrew,noaa_gefs,11,Rain_mm_sum,9,0.10000000149011612
gep11,00,2023-11-27,2023-12-06,gcrew,noaa_gefs,11,ShortwaveRadiation_Wm2,9,73.75
gep11,00,2023-11-27,2023-12-06,gcrew,noaa_gefs,11,WindSpeed_ms_mean,9,5.121497430910974
gep11,00,2023-11-27,2023-12-07,gcrew,noaa_gefs,11,AirTemp_C_mean,10,4.628167724609398
gep11,00,2023-11-27,2023-12-07,gcrew,noaa_gefs,11,RH_percent_mean,10,60.15670585632324
gep11,00,2023-11-27,2023-12-07,gcrew,noaa_gefs,11,Rain_mm_sum,10,0.10000000149011612
gep11,00,2023-11-27,2023-12-07,gcrew,noaa_gefs,11,ShortwaveRadiation_Wm2,10,80
gep11,00,2023-11-27,2023-12-07,gcrew,noaa_gefs,11,WindSpeed_ms_mean,10,6.409377329262826
gep11,00,2023-11-27,2023-12-08,gcrew,noaa_gefs,11,AirTemp_C_mean,11,7.60364685058596
gep11,00,2023-11-27,2023-12-08,gcrew,noaa_gefs,11,RH_percent_mean,11,60.32244300842285
gep11,00,2023-11-27,2023-12-08,gcrew,noaa_gefs,11,Rain_mm_sum,11,0
gep11,00,2023-11-27,2023-12-08,gcrew,noaa_gefs,11,ShortwaveRadiation_Wm2,11,85
gep11,00,2023-11-27,2023-12-08,gcrew,noaa_gefs,11,WindSpeed_ms_mean,11,2.9631373493483464
gep11,00,2023-11-27,2023-12-09,gcrew,noaa_gefs,11,AirTemp_C_mean,12,9.189378356933616
gep11,00,2023-11-27,2023-12-09,gcrew,noaa_gefs,11,RH_percent_mean,12,70.98326873779297
gep11,00,2023-11-27,2023-12-09,gcrew,noaa_gefs,11,Rain_mm_sum,12,0
gep11,00,2023-11-27,2023-12-09,gcrew,noaa_gefs,11,ShortwaveRadiation_Wm2,12,92.5
gep11,00,2023-11-27,2023-12-09,gcrew,noaa_gefs,11,WindSpeed_ms_mean,12,4.254736907169081
gep11,00,2023-11-27,2023-12-10,gcrew,noaa_gefs,11,AirTemp_C_mean,13,12.441644287109398
gep11,00,2023-11-27,2023-12-10,gcrew,noaa_gefs,11,RH_percent_mean,13,82.82262802124023
gep11,00,2023-11-27,2023-12-10,gcrew,noaa_gefs,11,Rain_mm_sum,13,0.800000011920929
gep11,00,2023-11-27,2023-12-10,gcrew,noaa_gefs,11,ShortwaveRadiation_Wm2,13,52.5
gep11,00,2023-11-27,2023-12-10,gcrew,noaa_gefs,11,WindSpeed_ms_mean,13,7.214954621995648
gep11,00,2023-11-27,2023-12-11,gcrew,noaa_gefs,11,AirTemp_C_mean,14,8.196138000488304
gep11,00,2023-11-27,2023-12-11,gcrew,noaa_gefs,11,RH_percent_mean,14,67.96190357208252
gep11,00,2023-11-27,2023-12-11,gcrew,noaa_gefs,11,Rain_mm_sum,14,36.89999961853027
gep11,00,2023-11-27,2023-12-11,gcrew,noaa_gefs,11,ShortwaveRadiation_Wm2,14,77.5
gep11,00,2023-11-27,2023-12-11,gcrew,noaa_gefs,11,WindSpeed_ms_mean,14,9.841349318979457
gep11,00,2023-11-27,2023-12-12,gcrew,noaa_gefs,11,AirTemp_C_mean,15,4.513063049316429
gep11,00,2023-11-27,2023-12-12,gcrew,noaa_gefs,11,RH_percent_mean,15,51.38350963592529
gep11,00,2023-11-27,2023-12-12,gcrew,noaa_gefs,11,Rain_mm_sum,15,0
gep11,00,2023-11-27,2023-12-12,gcrew,noaa_gefs,11,ShortwaveRadiation_Wm2,15,115
gep11,00,2023-11-27,2023-12-12,gcrew,noaa_gefs,11,WindSpeed_ms_mean,15,6.445321660564322
gep11,00,2023-11-27,2023-12-13,gcrew,noaa_gefs,11,AirTemp_C_mean,16,6.0189071655273665
gep11,00,2023-11-27,2023-12-13,gcrew,noaa_gefs,11,RH_percent_mean,16,54.307085037231445
gep11,00,2023-11-27,2023-12-13,gcrew,noaa_gefs,11,Rain_mm_sum,16,0
gep11,00,2023-11-27,2023-12-13,gcrew,noaa_gefs,11,ShortwaveRadiation_Wm2,16,95
gep11,00,2023-11-27,2023-12-13,gcrew,noaa_gefs,11,WindSpeed_ms_mean,16,4.919506652192801
gep11,00,2023-11-27,2023-12-14,gcrew,noaa_gefs,11,AirTemp_C_mean,17,1.9536911010742415
gep11,00,2023-11-27,2023-12-14,gcrew,noaa_gefs,11,RH_percent_mean,17,54.30481147766113
gep11,00,2023-11-27,2023-12-14,gcrew,noaa_gefs,11,Rain_mm_sum,17,0
gep11,00,2023-11-27,2023-12-14,gcrew,noaa_gefs,11,ShortwaveRadiation_Wm2,17,102.5
gep11,00,2023-11-27,2023-12-14,gcrew,noaa_gefs,11,WindSpeed_ms_mean,17,6.970441376959462
gep11,00,2023-11-27,2023-12-15,gcrew,noaa_gefs,11,AirTemp_C_mean,18,4.5534530639648665
gep11,00,2023-11-27,2023-12-15,gcrew,noaa_gefs,11,RH_percent_mean,18,48.15119743347168
gep11,00,2023-11-27,2023-12-15,gcrew,noaa_gefs,11,Rain_mm_sum,18,0
gep11,00,2023-11-27,2023-12-15,gcrew,noaa_gefs,11,ShortwaveRadiation_Wm2,18,110
gep11,00,2023-11-27,2023-12-15,gcrew,noaa_gefs,11,WindSpeed_ms_mean,18,6.043071901033547
gep11,00,2023-11-27,2023-12-16,gcrew,noaa_gefs,11,AirTemp_C_mean,19,7.143457031250023
gep11,00,2023-11-27,2023-12-16,gcrew,noaa_gefs,11,RH_percent_mean,19,52.20172309875488
gep11,00,2023-11-27,2023-12-16,gcrew,noaa_gefs,11,Rain_mm_sum,19,0
gep11,00,2023-11-27,2023-12-16,gcrew,noaa_gefs,11,ShortwaveRadiation_Wm2,19,111.5
gep11,00,2023-11-27,2023-12-16,gcrew,noaa_gefs,11,WindSpeed_ms_mean,19,5.818199168438026
gep11,00,2023-11-27,2023-12-17,gcrew,noaa_gefs,11,AirTemp_C_mean,20,6.060304260253929
gep11,00,2023-11-27,2023-12-17,gcrew,noaa_gefs,11,RH_percent_mean,20,73.71020603179932
gep11,00,2023-11-27,2023-12-17,gcrew,noaa_gefs,11,Rain_mm_sum,20,0
gep11,00,2023-11-27,2023-12-17,gcrew,noaa_gefs,11,ShortwaveRadiation_Wm2,20,67.5
gep11,00,2023-11-27,2023-12-17,gcrew,noaa_gefs,11,WindSpeed_ms_mean,20,4.95647322638626
gep11,00,2023-11-27,2023-12-18,gcrew,noaa_gefs,11,AirTemp_C_mean,21,7.519563293457054
gep11,00,2023-11-27,2023-12-18,gcrew,noaa_gefs,11,RH_percent_mean,21,87.2380199432373
gep11,00,2023-11-27,2023-12-18,gcrew,noaa_gefs,11,Rain_mm_sum,21,14.800000309944153
gep11,00,2023-11-27,2023-12-18,gcrew,noaa_gefs,11,ShortwaveRadiation_Wm2,21,10
gep11,00,2023-11-27,2023-12-18,gcrew,noaa_gefs,11,WindSpeed_ms_mean,21,6.641896038089156
gep11,00,2023-11-27,2023-12-19,gcrew,noaa_gefs,11,AirTemp_C_mean,22,7.543115234375023
gep11,00,2023-11-27,2023-12-19,gcrew,noaa_gefs,11,RH_percent_mean,22,82.2885913848877
gep11,00,2023-11-27,2023-12-19,gcrew,noaa_gefs,11,Rain_mm_sum,22,7.600000008940697
gep11,00,2023-11-27,2023-12-19,gcrew,noaa_gefs,11,ShortwaveRadiation_Wm2,22,42.5
gep11,00,2023-11-27,2023-12-19,gcrew,noaa_gefs,11,WindSpeed_ms_mean,22,5.825227171579426
gep11,00,2023-11-27,2023-12-20,gcrew,noaa_gefs,11,AirTemp_C_mean,23,8.987573242187523
gep11,00,2023-11-27,2023-12-20,gcrew,noaa_gefs,11,RH_percent_mean,23,80.18497467041016
gep11,00,2023-11-27,2023-12-20,gcrew,noaa_gefs,11,Rain_mm_sum,23,0.30000000447034836
gep11,00,2023-11-27,2023-12-20,gcrew,noaa_gefs,11,ShortwaveRadiation_Wm2,23,42.5
gep11,00,2023-11-27,2023-12-20,gcrew,noaa_gefs,11,WindSpeed_ms_mean,23,4.078718289512819
gep11,00,2023-11-27,2023-12-21,gcrew,noaa_gefs,11,AirTemp_C_mean,24,8.525712585449241
gep11,00,2023-11-27,2023-12-21,gcrew,noaa_gefs,11,RH_percent_mean,24,76.58914756774902
gep11,00,2023-11-27,2023-12-21,gcrew,noaa_gefs,11,Rain_mm_sum,24,36.49999952316284
gep11,00,2023-11-27,2023-12-21,gcrew,noaa_gefs,11,ShortwaveRadiation_Wm2,24,75
gep11,00,2023-11-27,2023-12-21,gcrew,noaa_gefs,11,WindSpeed_ms_mean,24,11.62732320451973
gep11,00,2023-11-27,2023-12-22,gcrew,noaa_gefs,11,AirTemp_C_mean,25,6.965997314453148
gep11,00,2023-11-27,2023-12-22,gcrew,noaa_gefs,11,RH_percent_mean,25,62.65604782104492
gep11,00,2023-11-27,2023-12-22,gcrew,noaa_gefs,11,Rain_mm_sum,25,0
gep11,00,2023-11-27,2023-12-22,gcrew,noaa_gefs,11,ShortwaveRadiation_Wm2,25,110
gep11,00,2023-11-27,2023-12-22,gcrew,noaa_gefs,11,WindSpeed_ms_mean,25,8.727689670673977
gep11,00,2023-11-27,2023-12-23,gcrew,noaa_gefs,11,AirTemp_C_mean,26,6.719461059570335
gep11,00,2023-11-27,2023-12-23,gcrew,noaa_gefs,11,RH_percent_mean,26,62.82187747955322
gep11,00,2023-11-27,2023-12-23,gcrew,noaa_gefs,11,Rain_mm_sum,26,0
gep11,00,2023-11-27,2023-12-23,gcrew,noaa_gefs,11,ShortwaveRadiation_Wm2,26,87.5
gep11,00,2023-11-27,2023-12-23,gcrew,noaa_gefs,11,WindSpeed_ms_mean,26,2.369054386272265
gep11,00,2023-11-27,2023-12-24,gcrew,noaa_gefs,11,AirTemp_C_mean,27,5.3032699584961165
gep11,00,2023-11-27,2023-12-24,gcrew,noaa_gefs,11,RH_percent_mean,27,81.36386299133301
gep11,00,2023-11-27,2023-12-24,gcrew,noaa_gefs,11,Rain_mm_sum,27,28.30000114440918
gep11,00,2023-11-27,2023-12-24,gcrew,noaa_gefs,11,ShortwaveRadiation_Wm2,27,57.5
gep11,00,2023-11-27,2023-12-24,gcrew,noaa_gefs,11,WindSpeed_ms_mean,27,4.459078748032569
gep11,00,2023-11-27,2023-12-25,gcrew,noaa_gefs,11,AirTemp_C_mean,28,5.13581237792971
gep11,00,2023-11-27,2023-12-25,gcrew,noaa_gefs,11,RH_percent_mean,28,81.22675704956055
gep11,00,2023-11-27,2023-12-25,gcrew,noaa_gefs,11,Rain_mm_sum,28,1.4999999776482582
gep11,00,2023-11-27,2023-12-25,gcrew,noaa_gefs,11,ShortwaveRadiation_Wm2,28,35
gep11,00,2023-11-27,2023-12-25,gcrew,noaa_gefs,11,WindSpeed_ms_mean,28,4.003474868197337
gep11,00,2023-11-27,2023-12-26,gcrew,noaa_gefs,11,AirTemp_C_mean,29,4.564202880859398
gep11,00,2023-11-27,2023-12-26,gcrew,noaa_gefs,11,RH_percent_mean,29,65.44478416442871
gep11,00,2023-11-27,2023-12-26,gcrew,noaa_gefs,11,Rain_mm_sum,29,0.6000000238418579
gep11,00,2023-11-27,2023-12-26,gcrew,noaa_gefs,11,ShortwaveRadiation_Wm2,29,95
gep11,00,2023-11-27,2023-12-26,gcrew,noaa_gefs,11,WindSpeed_ms_mean,29,4.794088178148612
gep11,00,2023-11-27,2023-12-27,gcrew,noaa_gefs,11,AirTemp_C_mean,30,2.5684982299804915
gep11,00,2023-11-27,2023-12-27,gcrew,noaa_gefs,11,RH_percent_mean,30,61.19670581817627
gep11,00,2023-11-27,2023-12-27,gcrew,noaa_gefs,11,Rain_mm_sum,30,0.20000000298023224
gep11,00,2023-11-27,2023-12-27,gcrew,noaa_gefs,11,ShortwaveRadiation_Wm2,30,103
gep11,00,2023-11-27,2023-12-27,gcrew,noaa_gefs,11,WindSpeed_ms_mean,30,7.929123668297478
gep11,00,2023-11-27,2023-12-28,gcrew,noaa_gefs,11,AirTemp_C_mean,31,0.24892578125002274
gep11,00,2023-11-27,2023-12-28,gcrew,noaa_gefs,11,RH_percent_mean,31,54.894179344177246
gep11,00,2023-11-27,2023-12-28,gcrew,noaa_gefs,11,Rain_mm_sum,31,0
gep11,00,2023-11-27,2023-12-28,gcrew,noaa_gefs,11,ShortwaveRadiation_Wm2,31,107.5
gep11,00,2023-11-27,2023-12-28,gcrew,noaa_gefs,11,WindSpeed_ms_mean,31,8.369389072984506
gep11,00,2023-11-27,2023-12-29,gcrew,noaa_gefs,11,AirTemp_C_mean,32,2.135316467285179
gep11,00,2023-11-27,2023-12-29,gcrew,noaa_gefs,11,RH_percent_mean,32,49.380462646484375
gep11,00,2023-11-27,2023-12-29,gcrew,noaa_gefs,11,Rain_mm_sum,32,0
gep11,00,2023-11-27,2023-12-29,gcrew,noaa_gefs,11,ShortwaveRadiation_Wm2,32,100
gep11,00,2023-11-27,2023-12-29,gcrew,noaa_gefs,11,WindSpeed_ms_mean,32,4.864784430286628
gep11,00,2023-11-27,2023-12-30,gcrew,noaa_gefs,11,AirTemp_C_mean,33,2.2571350097656477
gep11,00,2023-11-27,2023-12-30,gcrew,noaa_gefs,11,RH_percent_mean,33,58.125136375427246
gep11,00,2023-11-27,2023-12-30,gcrew,noaa_gefs,11,Rain_mm_sum,33,0
gep11,00,2023-11-27,2023-12-30,gcrew,noaa_gefs,11,ShortwaveRadiation_Wm2,33,105
gep11,00,2023-11-27,2023-12-30,gcrew,noaa_gefs,11,WindSpeed_ms_mean,33,8.121758892113014
gep11,00,2023-11-27,2023-12-31,gcrew,noaa_gefs,11,AirTemp_C_mean,34,0.35221252441408524
gep11,00,2023-11-27,2023-12-31,gcrew,noaa_gefs,11,RH_percent_mean,34,59.313002586364746
gep11,00,2023-11-27,2023-12-31,gcrew,noaa_gefs,11,Rain_mm_sum,34,0
gep11,00,2023-11-27,2023-12-31,gcrew,noaa_gefs,11,ShortwaveRadiation_Wm2,34,110
gep11,00,2023-11-27,2023-12-31,gcrew,noaa_gefs,11,WindSpeed_ms_mean,34,7.684706090714355
gep11,00,2023-11-27,2024-01-01,gcrew,noaa_gefs,11,AirTemp_C_mean,35,0.9818664550781477
gep11,00,2023-11-27,2024-01-01,gcrew,noaa_gefs,11,RH_percent_mean,35,55.25293731689453
gep11,00,2023-11-27,2024-01-01,gcrew,noaa_gefs,11,Rain_mm_sum,35,0
gep11,00,2023-11-27,2024-01-01,gcrew,noaa_gefs,11,ShortwaveRadiation_Wm2,35,150
gep11,00,2023-11-27,2024-01-01,gcrew,noaa_gefs,11,WindSpeed_ms_mean,35,5.577020295958797
gep12,00,2023-11-27,2023-11-27,gcrew,noaa_gefs,12,AirTemp_C_mean,0,7.930160958426362
gep12,00,2023-11-27,2023-11-27,gcrew,noaa_gefs,12,RH_percent_mean,0,65.77873774937221
gep12,00,2023-11-27,2023-11-27,gcrew,noaa_gefs,12,Rain_mm_sum,0,1.409999966621399
gep12,00,2023-11-27,2023-11-27,gcrew,noaa_gefs,12,ShortwaveRadiation_Wm2,0,120
gep12,00,2023-11-27,2023-11-27,gcrew,noaa_gefs,12,WindSpeed_ms_mean,0,6.98831636820665
gep12,00,2023-11-27,2023-11-28,gcrew,noaa_gefs,12,AirTemp_C_mean,1,3.143903350830101
gep12,00,2023-11-27,2023-11-28,gcrew,noaa_gefs,12,RH_percent_mean,1,51.75671911239624
gep12,00,2023-11-27,2023-11-28,gcrew,noaa_gefs,12,Rain_mm_sum,1,0
gep12,00,2023-11-27,2023-11-28,gcrew,noaa_gefs,12,ShortwaveRadiation_Wm2,1,117.25
gep12,00,2023-11-27,2023-11-28,gcrew,noaa_gefs,12,WindSpeed_ms_mean,1,8.719262777459525
gep12,00,2023-11-27,2023-11-29,gcrew,noaa_gefs,12,AirTemp_C_mean,2,0.5654579162597884
gep12,00,2023-11-27,2023-11-29,gcrew,noaa_gefs,12,RH_percent_mean,2,45.022233963012695
gep12,00,2023-11-27,2023-11-29,gcrew,noaa_gefs,12,Rain_mm_sum,2,0
gep12,00,2023-11-27,2023-11-29,gcrew,noaa_gefs,12,ShortwaveRadiation_Wm2,2,123.75
gep12,00,2023-11-27,2023-11-29,gcrew,noaa_gefs,12,WindSpeed_ms_mean,2,6.168336011919848
gep12,00,2023-11-27,2023-11-30,gcrew,noaa_gefs,12,AirTemp_C_mean,3,5.442548370361351
gep12,00,2023-11-27,2023-11-30,gcrew,noaa_gefs,12,RH_percent_mean,3,51.092037200927734
gep12,00,2023-11-27,2023-11-30,gcrew,noaa_gefs,12,Rain_mm_sum,3,0
gep12,00,2023-11-27,2023-11-30,gcrew,noaa_gefs,12,ShortwaveRadiation_Wm2,3,115
gep12,00,2023-11-27,2023-11-30,gcrew,noaa_gefs,12,WindSpeed_ms_mean,3,4.647622723424587
gep12,00,2023-11-27,2023-12-01,gcrew,noaa_gefs,12,AirTemp_C_mean,4,9.021810150146507
gep12,00,2023-11-27,2023-12-01,gcrew,noaa_gefs,12,RH_percent_mean,4,66.71106433868408
gep12,00,2023-11-27,2023-12-01,gcrew,noaa_gefs,12,Rain_mm_sum,4,0.9099999666213989
gep12,00,2023-11-27,2023-12-01,gcrew,noaa_gefs,12,ShortwaveRadiation_Wm2,4,56.25
gep12,00,2023-11-27,2023-12-01,gcrew,noaa_gefs,12,WindSpeed_ms_mean,4,5.704241102456863
gep12,00,2023-11-27,2023-12-02,gcrew,noaa_gefs,12,AirTemp_C_mean,5,11.22754821777346
gep12,00,2023-11-27,2023-12-02,gcrew,noaa_gefs,12,RH_percent_mean,5,89.3065881729126
gep12,00,2023-11-27,2023-12-02,gcrew,noaa_gefs,12,Rain_mm_sum,5,2.1299999933689833
gep12,00,2023-11-27,2023-12-02,gcrew,noaa_gefs,12,ShortwaveRadiation_Wm2,5,68.75
gep12,00,2023-11-27,2023-12-02,gcrew,noaa_gefs,12,WindSpeed_ms_mean,5,3.257810854788391
gep12,00,2023-11-27,2023-12-03,gcrew,noaa_gefs,12,AirTemp_C_mean,6,11.987805938720726
gep12,00,2023-11-27,2023-12-03,gcrew,noaa_gefs,12,RH_percent_mean,6,95.10680103302002
gep12,00,2023-11-27,2023-12-03,gcrew,noaa_gefs,12,Rain_mm_sum,6,40.17000102996826
gep12,00,2023-11-27,2023-12-03,gcrew,noaa_gefs,12,ShortwaveRadiation_Wm2,6,25
gep12,00,2023-11-27,2023-12-03,gcrew,noaa_gefs,12,WindSpeed_ms_mean,6,3.011062993601093
gep12,00,2023-11-27,2023-12-04,gcrew,noaa_gefs,12,AirTemp_C_mean,7,10.208066558837913
gep12,00,2023-11-27,2023-12-04,gcrew,noaa_gefs,12,RH_percent_mean,7,69.40479469299316
gep12,00,2023-11-27,2023-12-04,gcrew,noaa_gefs,12,Rain_mm_sum,7,0.10000000149011612
gep12,00,2023-11-27,2023-12-04,gcrew,noaa_gefs,12,ShortwaveRadiation_Wm2,7,83.75
gep12,00,2023-11-27,2023-12-04,gcrew,noaa_gefs,12,WindSpeed_ms_mean,7,4.650060705382802
gep12,00,2023-11-27,2023-12-05,gcrew,noaa_gefs,12,AirTemp_C_mean,8,7.09925231933596
gep12,00,2023-11-27,2023-12-05,gcrew,noaa_gefs,12,RH_percent_mean,8,59.26151514053345
gep12,00,2023-11-27,2023-12-05,gcrew,noaa_gefs,12,Rain_mm_sum,8,0
gep12,00,2023-11-27,2023-12-05,gcrew,noaa_gefs,12,ShortwaveRadiation_Wm2,8,90
gep12,00,2023-11-27,2023-12-05,gcrew,noaa_gefs,12,WindSpeed_ms_mean,8,4.769365907420658
gep12,00,2023-11-27,2023-12-06,gcrew,noaa_gefs,12,AirTemp_C_mean,9,5.801030731201195
gep12,00,2023-11-27,2023-12-06,gcrew,noaa_gefs,12,RH_percent_mean,9,66.42868709564209
gep12,00,2023-11-27,2023-12-06,gcrew,noaa_gefs,12,Rain_mm_sum,9,0.10000000149011612
gep12,00,2023-11-27,2023-12-06,gcrew,noaa_gefs,12,ShortwaveRadiation_Wm2,9,73.75
gep12,00,2023-11-27,2023-12-06,gcrew,noaa_gefs,12,WindSpeed_ms_mean,9,5.121497430910974
gep12,00,2023-11-27,2023-12-07,gcrew,noaa_gefs,12,AirTemp_C_mean,10,4.628167724609398
gep12,00,2023-11-27,2023-12-07,gcrew,noaa_gefs,12,RH_percent_mean,10,60.15670585632324
gep12,00,2023-11-27,2023-12-07,gcrew,noaa_gefs,12,Rain_mm_sum,10,0.10000000149011612
gep12,00,2023-11-27,2023-12-07,gcrew,noaa_gefs,12,ShortwaveRadiation_Wm2,10,80
gep12,00,2023-11-27,2023-12-07,gcrew,noaa_gefs,12,WindSpeed_ms_mean,10,6.409377329262826
gep12,00,2023-11-27,2023-12-08,gcrew,noaa_gefs,12,AirTemp_C_mean,11,7.60364685058596
gep12,00,2023-11-27,2023-12-08,gcrew,noaa_gefs,12,RH_percent_mean,11,60.32244300842285
gep12,00,2023-11-27,2023-12-08,gcrew,noaa_gefs,12,Rain_mm_sum,11,0
gep12,00,2023-11-27,2023-12-08,gcrew,noaa_gefs,12,ShortwaveRadiation_Wm2,11,85
gep12,00,2023-11-27,2023-12-08,gcrew,noaa_gefs,12,WindSpeed_ms_mean,11,2.9631373493483464
gep12,00,2023-11-27,2023-12-09,gcrew,noaa_gefs,12,AirTemp_C_mean,12,9.189378356933616
gep12,00,2023-11-27,2023-12-09,gcrew,noaa_gefs,12,RH_percent_mean,12,70.98326873779297
gep12,00,2023-11-27,2023-12-09,gcrew,noaa_gefs,12,Rain_mm_sum,12,0
gep12,00,2023-11-27,2023-12-09,gcrew,noaa_gefs,12,ShortwaveRadiation_Wm2,12,92.5
gep12,00,2023-11-27,2023-12-09,gcrew,noaa_gefs,12,WindSpeed_ms_mean,12,4.254736907169081
gep12,00,2023-11-27,2023-12-10,gcrew,noaa_gefs,12,AirTemp_C_mean,13,12.441644287109398
gep12,00,2023-11-27,2023-12-10,gcrew,noaa_gefs,12,RH_percent_mean,13,82.82262802124023
gep12,00,2023-11-27,2023-12-10,gcrew,noaa_gefs,12,Rain_mm_sum,13,0.800000011920929
gep12,00,2023-11-27,2023-12-10,gcrew,noaa_gefs,12,ShortwaveRadiation_Wm2,13,52.5
gep12,00,2023-11-27,2023-12-10,gcrew,noaa_gefs,12,WindSpeed_ms_mean,13,7.214954621995648
gep12,00,2023-11-27,2023-12-11,gcrew,noaa_gefs,12,AirTemp_C_mean,14,8.196138000488304
gep12,00,2023-11-27,2023-12-11,gcrew,noaa_gefs,12,RH_percent_mean,14,67.96190357208252
gep12,00,2023-11-27,2023-12-11,gcrew,noaa_gefs,12,Rain_mm_sum,14,36.89999961853027
gep12,00,2023-11-27,2023-12-11,gcrew,noaa_gefs,12,ShortwaveRadiation_Wm2,14,77.5
gep12,00,2023-11-27,2023-12-11,gcrew,noaa_gefs,12,WindSpeed_ms_mean,14,9.841349318979457
gep12,00,2023-11-27,2023-12-12,gcrew,noaa_gefs,12,AirTemp_C_mean,15,4.513063049316429
gep12,00,2023-11-27,2023-12-12,gcrew,noaa_gefs,12,RH_percent_mean,15,51.38350963592529
gep12,00,2023-11-27,2023-12-12,gcrew,noaa_gefs,12,Rain_mm_sum,15,0
gep12,00,2023-11-27,2023-12-12,gcrew,noaa_gefs,12,ShortwaveRadiation_Wm2,15,115
gep12,00,2023-11-27,2023-12-12,gcrew,noaa_gefs,12,WindSpeed_ms_mean,15,6.445321660564322
gep12,00,2023-11-27,2023-12-13,gcrew,noaa_gefs,12,AirTemp_C_mean,16,6.0189071655273665
gep12,00,2023-11-27,2023-12-13,gcrew,noaa_gefs,12,RH_percent_mean,16,54.307085037231445
gep12,00,2023-11-27,2023-12-13,gcrew,noaa_gefs,12,Rain_mm_sum,16,0
gep12,00,2023-11-27,2023-12-13,gcrew,noaa_gefs,12,ShortwaveRadiation_Wm2,16,95
gep12,00,2023-11-27,2023-12-13,gcrew,noaa_gefs,12,WindSpeed_ms_mean,16,4.919506652192801
gep12,00,2023-11-27,2023-12-14,gcrew,noaa_gefs,12,AirTemp_C_mean,17,1.9536911010742415
gep12,00,2023-11-27,2023-12-14,gcrew,noaa_gefs,12,RH_percent_mean,17,54.30481147766113
gep12,00,2023-11-27,2023-12-14,gcrew,noaa_gefs,12,Rain_mm_sum,17,0
gep12,00,2023-11-27,2023-12-14,gcrew,noaa_gefs,12,ShortwaveRadiation_Wm2,17,102.5
gep12,00,2023-11-27,2023-12-14,gcrew,noaa_gefs,12,WindSpeed_ms_mean,17,6.970441376959462
gep12,00,2023-11-27,2023-12-15,gcrew,noaa_gefs,12,AirTemp_C_mean,18,4.5534530639648665
gep12,00,2023-11-27,2023-12-15,gcrew,noaa_gefs,12,RH_percent_mean,18,48.15119743347168
gep12,00,2023-11-27,2023-12-15,gcrew,noaa_gefs,12,Rain_mm_sum,18,0
gep12,00,2023-11-27,2023-12-15,gcrew,noaa_gefs,12,ShortwaveRadiation_Wm2,18,110
gep12,00,2023-11-27,2023-12-15,gcrew,noaa_gefs,12,WindSpeed_ms_mean,18,6.043071901033547
gep12,00,2023-11-27,2023-12-16,gcrew,noaa_gefs,12,AirTemp_C_mean,19,7.143457031250023
gep12,00,2023-11-27,2023-12-16,gcrew,noaa_gefs,12,RH_percent_mean,19,52.20172309875488
gep12,00,2023-11-27,2023-12-16,gcrew,noaa_gefs,12,Rain_mm_sum,19,0
gep12,00,2023-11-27,2023-12-16,gcrew,noaa_gefs,12,ShortwaveRadiation_Wm2,19,111.5
gep12,00,2023-11-27,2023-12-16,gcrew,noaa_gefs,12,WindSpeed_ms_mean,19,5.818199168438026
gep12,00,2023-11-27,2023-12-17,gcrew,noaa_gefs,12,AirTemp_C_mean,20,6.060304260253929
gep12,00,2023-11-27,2023-12-17,gcrew,noaa_gefs,12,RH_percent_mean,20,73.71020603179932
gep12,00,2023-11-27,2023-12-17,gcrew,noaa_gefs,12,Rain_mm_sum,20,0
gep12,00,2023-11-27,2023-12-17,gcrew,noaa_gefs,12,ShortwaveRadiation_Wm2,20,67.5
gep12,00,2023-11-27,2023-12-17,gcrew,noaa_gefs,12,WindSpeed_ms_mean,20,4.95647322638626
gep12,00,2023-11-27,2023-12-18,gcrew,noaa_gefs,12,AirTemp_C_mean,21,7.519563293457054
gep12,00,2023-11-27,2023-12-18,gcrew,noaa_gefs,12,RH_percent_mean,21,87.2380199432373
gep12,00,2023-11-27,2023-12-18,gcrew,noaa_gefs,12,Rain_mm_sum,21,14.800000309944153
gep12,00,2023-11-27,2023-12-18,gcrew,noaa_gefs,12,ShortwaveRadiation_Wm2,21,10
gep12,00,2023-11-27,2023-12-18,gcrew,noaa_gefs,12,WindSpeed_ms_mean,21,6.641896038089156
gep12,00,2023-11-27,2023-12-19,gcrew,noaa_gefs,12,AirTemp_C_mean,22,7.543115234375023
gep12,00,2023-11-27,2023-12-19,gcrew,noaa_gefs,12,RH_percent_mean,22,82.2885913848877
gep12,00,2023-11-27,2023-12-19,gcrew,noaa_gefs,12,Rain_mm_sum,22,7.600000008940697
gep12,00,2023-11-27,2023-12-19,gcrew,noaa_gefs,12,ShortwaveRadiation_Wm2,22,42.5
gep12,00,2023-11-27,2023-12-19,gcrew,noaa_gefs,12,WindSpeed_ms_mean,22,5.825227171579426
gep12,00,2023-11-27,2023-12-20,gcrew,noaa_gefs,12,AirTemp_C_mean,23,8.987573242187523
gep12,00,2023-11-27,2023-12-20,gcrew,noaa_gefs,12,RH_percent_mean,23,80.18497467041016
gep12,00,2023-11-27,2023-12-20,gcrew,noaa_gefs,12,Rain_mm_sum,23,0.30000000447034836
gep12,00,2023-11-27,2023-12-20,gcrew,noaa_gefs,12,ShortwaveRadiation_Wm2,23,42.5
gep12,00,2023-11-27,2023-12-20,gcrew,noaa_gefs,12,WindSpeed_ms_mean,23,4.078718289512819
gep12,00,2023-11-27,2023-12-21,gcrew,noaa_gefs,12,AirTemp_C_mean,24,8.525712585449241
gep12,00,2023-11-27,2023-12-21,gcrew,noaa_gefs,12,RH_percent_mean,24,76.58914756774902
gep12,00,2023-11-27,2023-12-21,gcrew,noaa_gefs,12,Rain_mm_sum,24,36.49999952316284
gep12,00,2023-11-27,2023-12-21,gcrew,noaa_gefs,12,ShortwaveRadiation_Wm2,24,75
gep12,00,2023-11-27,2023-12-21,gcrew,noaa_gefs,12,WindSpeed_ms_mean,24,11.62732320451973
gep12,00,2023-11-27,2023-12-22,gcrew,noaa_gefs,12,AirTemp_C_mean,25,6.965997314453148
gep12,00,2023-11-27,2023-12-22,gcrew,noaa_gefs,12,RH_percent_mean,25,62.65604782104492
gep12,00,2023-11-27,2023-12-22,gcrew,noaa_gefs,12,Rain_mm_sum,25,0
gep12,00,2023-11-27,2023-12-22,gcrew,noaa_gefs,12,ShortwaveRadiation_Wm2,25,110
gep12,00,2023-11-27,2023-12-22,gcrew,noaa_gefs,12,WindSpeed_ms_mean,25,8.727689670673977
gep12,00,2023-11-27,2023-12-23,gcrew,noaa_gefs,12,AirTemp_C_mean,26,6.719461059570335
gep12,00,2023-11-27,2023-12-23,gcrew,noaa_gefs,12,RH_percent_mean,26,62.82187747955322
gep12,00,2023-11-27,2023-12-23,gcrew,noaa_gefs,12,Rain_mm_sum,26,0
gep12,00,2023-11-27,2023-12-23,gcrew,noaa_gefs,12,ShortwaveRadiation_Wm2,26,87.5
gep12,00,2023-11-27,2023-12-23,gcrew,noaa_gefs,12,WindSpeed_ms_mean,26,2.369054386272265
gep12,00,2023-11-27,2023-12-24,gcrew,noaa_gefs,12,AirTemp_C_mean,27,5.3032699584961165
gep12,00,2023-11-27,2023-12-24,gcrew,noaa_gefs,12,RH_percent_mean,27,81.36386299133301
gep12,00,2023-11-27,2023-12-24,gcrew,noaa_gefs,12,Rain_mm_sum,27,28.30000114440918
gep12,00,2023-11-27,2023-12-24,gcrew,noaa_gefs,12,ShortwaveRadiation_Wm2,27,57.5
gep12,00,2023-11-27,2023-12-24,gcrew,noaa_gefs,12,WindSpeed_ms_mean,27,4.459078748032569
gep12,00,2023-11-27,2023-12-25,gcrew,noaa_gefs,12,AirTemp_C_mean,28,5.13581237792971
gep12,00,2023-11-27,2023-12-25,gcrew,noaa_gefs,12,RH_percent_mean,28,81.22675704956055
gep12,00,2023-11-27,2023-12-25,gcrew,noaa_gefs,12,Rain_mm_sum,28,1.4999999776482582
gep12,00,2023-11-27,2023-12-25,gcrew,noaa_gefs,12,ShortwaveRadiation_Wm2,28,35
gep12,00,2023-11-27,2023-12-25,gcrew,noaa_gefs,12,WindSpeed_ms_mean,28,4.003474868197337
gep12,00,2023-11-27,2023-12-26,gcrew,noaa_gefs,12,AirTemp_C_mean,29,4.564202880859398
gep12,00,2023-11-27,2023-12-26,gcrew,noaa_gefs,12,RH_percent_mean,29,65.44478416442871
gep12,00,2023-11-27,2023-12-26,gcrew,noaa_gefs,12,Rain_mm_sum,29,0.6000000238418579
gep12,00,2023-11-27,2023-12-26,gcrew,noaa_gefs,12,ShortwaveRadiation_Wm2,29,95
gep12,00,2023-11-27,2023-12-26,gcrew,noaa_gefs,12,WindSpeed_ms_mean,29,4.794088178148612
gep12,00,2023-11-27,2023-12-27,gcrew,noaa_gefs,12,AirTemp_C_mean,30,2.5684982299804915
gep12,00,2023-11-27,2023-12-27,gcrew,noaa_gefs,12,RH_percent_mean,30,61.19670581817627
gep12,00,2023-11-27,2023-12-27,gcrew,noaa_gefs,12,Rain_mm_sum,30,0.20000000298023224
gep12,00,2023-11-27,2023-12-27,gcrew,noaa_gefs,12,ShortwaveRadiation_Wm2,30,103
gep12,00,2023-11-27,2023-12-27,gcrew,noaa_gefs,12,WindSpeed_ms_mean,30,7.929123668297478
gep12,00,2023-11-27,2023-12-28,gcrew,noaa_gefs,12,AirTemp_C_mean,31,0.24892578125002274
gep12,00,2023-11-27,2023-12-28,gcrew,noaa_gefs,12,RH_percent_mean,31,54.894179344177246
gep12,00,2023-11-27,2023-12-28,gcrew,noaa_gefs,12,Rain_mm_sum,31,0
gep12,00,2023-11-27,2023-12-28,gcrew,noaa_gefs,12,ShortwaveRadiation_Wm2,31,107.5
gep12,00,2023-11-27,2023-12-28,gcrew,noaa_gefs,12,WindSpeed_ms_mean,31,8.369389072984506
gep12,00,2023-11-27,2023-12-29,gcrew,noaa_gefs,12,AirTemp_C_mean,32,2.135316467285179
gep12,00,2023-11-27,2023-12-29,gcrew,noaa_gefs,12,RH_percent_mean,32,49.380462646484375
gep12,00,2023-11-27,2023-12-29,gcrew,noaa_gefs,12,Rain_mm_sum,32,0
gep12,00,2023-11-27,2023-12-29,gcrew,noaa_gefs,12,ShortwaveRadiation_Wm2,32,100
gep12,00,2023-11-27,2023-12-29,gcrew,noaa_gefs,12,WindSpeed_ms_mean,32,4.864784430286628
gep12,00,2023-11-27,2023-12-30,gcrew,noaa_gefs,12,AirTemp_C_mean,33,2.2571350097656477
gep12,00,2023-11-27,2023-12-30,gcrew,noaa_gefs,12,RH_percent_mean,33,58.125136375427246
gep12,00,2023-11-27,2023-12-30,gcrew,noaa_gefs,12,Rain_mm_sum,33,0
gep12,00,2023-11-27,2023-12-30,gcrew,noaa_gefs,12,ShortwaveRadiation_Wm2,33,105
gep12,00,2023-11-27,2023-12-30,gcrew,noaa_gefs,12,WindSpeed_ms_mean,33,8.121758892113014
gep12,00,2023-11-27,2023-12-31,gcrew,noaa_gefs,12,AirTemp_C_mean,34,0.35221252441408524
gep12,00,2023-11-27,2023-12-31,gcrew,noaa_gefs,12,RH_percent_mean,34,59.313002586364746
gep12,00,2023-11-27,2023-12-31,gcrew,noaa_gefs,12,Rain_mm_sum,34,0
gep12,00,2023-11-27,2023-12-31,gcrew,noaa_gefs,12,ShortwaveRadiation_Wm2,34,110
gep12,00,2023-11-27,2023-12-31,gcrew,noaa_gefs,12,WindSpeed_ms_mean,34,7.684706090714355
gep12,00,2023-11-27,2024-01-01,gcrew,noaa_gefs,12,AirTemp_C_mean,35,0.9818664550781477
gep12,00,2023-11-27,2024-01-01,gcrew,noaa_gefs,12,RH_percent_mean,35,55.25293731689453
gep12,00,2023-11-27,2024-01-01,gcrew,noaa_gefs,12,Rain_mm_sum,35,0
gep12,00,2023-11-27,2024-01-01,gcrew,noaa_gefs,12,ShortwaveRadiation_Wm2,35,150
gep12,00,2023-11-27,2024-01-01,gcrew,noaa_gefs,12,WindSpeed_ms_mean,35,5.577020295958797
gep13,00,2023-11-27,2023-11-27,gcrew,noaa_gefs,13,AirTemp_C_mean,0,7.930160958426362
gep13,00,2023-11-27,2023-11-27,gcrew,noaa_gefs,13,RH_percent_mean,0,65.77873774937221
gep13,00,2023-11-27,2023-11-27,gcrew,noaa_gefs,13,Rain_mm_sum,0,1.409999966621399
gep13,00,2023-11-27,2023-11-27,gcrew,noaa_gefs,13,ShortwaveRadiation_Wm2,0,120
gep13,00,2023-11-27,2023-11-27,gcrew,noaa_gefs,13,WindSpeed_ms_mean,0,6.98831636820665
gep13,00,2023-11-27,2023-11-28,gcrew,noaa_gefs,13,AirTemp_C_mean,1,3.143903350830101
gep13,00,2023-11-27,2023-11-28,gcrew,noaa_gefs,13,RH_percent_mean,1,51.75671911239624
gep13,00,2023-11-27,2023-11-28,gcrew,noaa_gefs,13,Rain_mm_sum,1,0
gep13,00,2023-11-27,2023-11-28,gcrew,noaa_gefs,13,ShortwaveRadiation_Wm2,1,117.25
gep13,00,2023-11-27,2023-11-28,gcrew,noaa_gefs,13,WindSpeed_ms_mean,1,8.719262777459525
gep13,00,2023-11-27,2023-11-29,gcrew,noaa_gefs,13,AirTemp_C_mean,2,0.5654579162597884
gep13,00,2023-11-27,2023-11-29,gcrew,noaa_gefs,13,RH_percent_mean,2,45.022233963012695
gep13,00,2023-11-27,2023-11-29,gcrew,noaa_gefs,13,Rain_mm_sum,2,0
gep13,00,2023-11-27,2023-11-29,gcrew,noaa_gefs,13,ShortwaveRadiation_Wm2,2,123.75
gep13,00,2023-11-27,2023-11-29,gcrew,noaa_gefs,13,WindSpeed_ms_mean,2,6.168336011919848
gep13,00,2023-11-27,2023-11-30,gcrew,noaa_gefs,13,AirTemp_C_mean,3,5.442548370361351
gep13,00,2023-11-27,2023-11-30,gcrew,noaa_gefs,13,RH_percent_mean,3,51.092037200927734
gep13,00,2023-11-27,2023-11-30,gcrew,noaa_gefs,13,Rain_mm_sum,3,0
gep13,00,2023-11-27,2023-11-30,gcrew,noaa_gefs,13,ShortwaveRadiation_Wm2,3,115
gep13,00,2023-11-27,2023-11-30,gcrew,noaa_gefs,13,WindSpeed_ms_mean,3,4.647622723424587
gep13,00,2023-11-27,2023-12-01,gcrew,noaa_gefs,13,AirTemp_C_mean,4,9.021810150146507
gep13,00,2023-11-27,2023-12-01,gcrew,noaa_gefs,13,RH_percent_mean,4,66.71106433868408
gep13,00,2023-11-27,2023-12-01,gcrew,noaa_gefs,13,Rain_mm_sum,4,0.9099999666213989
gep13,00,2023-11-27,2023-12-01,gcrew,noaa_gefs,13,ShortwaveRadiation_Wm2,4,56.25
gep13,00,2023-11-27,2023-12-01,gcrew,noaa_gefs,13,WindSpeed_ms_mean,4,5.704241102456863
gep13,00,2023-11-27,2023-12-02,gcrew,noaa_gefs,13,AirTemp_C_mean,5,11.22754821777346
gep13,00,2023-11-27,2023-12-02,gcrew,noaa_gefs,13,RH_percent_mean,5,89.3065881729126
gep13,00,2023-11-27,2023-12-02,gcrew,noaa_gefs,13,Rain_mm_sum,5,2.1299999933689833
gep13,00,2023-11-27,2023-12-02,gcrew,noaa_gefs,13,ShortwaveRadiation_Wm2,5,68.75
gep13,00,2023-11-27,2023-12-02,gcrew,noaa_gefs,13,WindSpeed_ms_mean,5,3.257810854788391
gep13,00,2023-11-27,2023-12-03,gcrew,noaa_gefs,13,AirTemp_C_mean,6,11.987805938720726
gep13,00,2023-11-27,2023-12-03,gcrew,noaa_gefs,13,RH_percent_mean,6,95.10680103302002
gep13,00,2023-11-27,2023-12-03,gcrew,noaa_gefs,13,Rain_mm_sum,6,40.17000102996826
gep13,00,2023-11-27,2023-12-03,gcrew,noaa_gefs,13,ShortwaveRadiation_Wm2,6,25
gep13,00,2023-11-27,2023-12-03,gcrew,noaa_gefs,13,WindSpeed_ms_mean,6,3.011062993601093
gep13,00,2023-11-27,2023-12-04,gcrew,noaa_gefs,13,AirTemp_C_mean,7,10.208066558837913
gep13,00,2023-11-27,2023-12-04,gcrew,noaa_gefs,13,RH_percent_mean,7,69.40479469299316
gep13,00,2023-11-27,2023-12-04,gcrew,noaa_gefs,13,Rain_mm_sum,7,0.10000000149011612
gep13,00,2023-11-27,2023-12-04,gcrew,noaa_gefs,13,ShortwaveRadiation_Wm2,7,83.75
gep13,00,2023-11-27,2023-12-04,gcrew,noaa_gefs,13,WindSpeed_ms_mean,7,4.650060705382802
gep13,00,2023-11-27,2023-12-05,gcrew,noaa_gefs,13,AirTemp_C_mean,8,7.09925231933596
gep13,00,2023-11-27,2023-12-05,gcrew,noaa_gefs,13,RH_percent_mean,8,59.26151514053345
gep13,00,2023-11-27,2023-12-05,gcrew,noaa_gefs,13,Rain_mm_sum,8,0
gep13,00,2023-11-27,2023-12-05,gcrew,noaa_gefs,13,ShortwaveRadiation_Wm2,8,90
gep13,00,2023-11-27,2023-12-05,gcrew,noaa_gefs,13,WindSpeed_ms_mean,8,4.769365907420658
gep13,00,2023-11-27,2023-12-06,gcrew,noaa_gefs,13,AirTemp_C_mean,9,5.801030731201195
gep13,00,2023-11-27,2023-12-06,gcrew,noaa_gefs,13,RH_percent_mean,9,66.42868709564209
gep13,00,2023-11-27,2023-12-06,gcrew,noaa_gefs,13,Rain_mm_sum,9,0.10000000149011612
gep13,00,2023-11-27,2023-12-06,gcrew,noaa_gefs,13,ShortwaveRadiation_Wm2,9,73.75
gep13,00,2023-11-27,2023-12-06,gcrew,noaa_gefs,13,WindSpeed_ms_mean,9,5.121497430910974
gep13,00,2023-11-27,2023-12-07,gcrew,noaa_gefs,13,AirTemp_C_mean,10,4.628167724609398
gep13,00,2023-11-27,2023-12-07,gcrew,noaa_gefs,13,RH_percent_mean,10,60.15670585632324
gep13,00,2023-11-27,2023-12-07,gcrew,noaa_gefs,13,Rain_mm_sum,10,0.10000000149011612
gep13,00,2023-11-27,2023-12-07,gcrew,noaa_gefs,13,ShortwaveRadiation_Wm2,10,80
gep13,00,2023-11-27,2023-12-07,gcrew,noaa_gefs,13,WindSpeed_ms_mean,10,6.409377329262826
gep13,00,2023-11-27,2023-12-08,gcrew,noaa_gefs,13,AirTemp_C_mean,11,7.60364685058596
gep13,00,2023-11-27,2023-12-08,gcrew,noaa_gefs,13,RH_percent_mean,11,60.32244300842285
gep13,00,2023-11-27,2023-12-08,gcrew,noaa_gefs,13,Rain_mm_sum,11,0
gep13,00,2023-11-27,2023-12-08,gcrew,noaa_gefs,13,ShortwaveRadiation_Wm2,11,85
gep13,00,2023-11-27,2023-12-08,gcrew,noaa_gefs,13,WindSpeed_ms_mean,11,2.9631373493483464
gep13,00,2023-11-27,2023-12-09,gcrew,noaa_gefs,13,AirTemp_C_mean,12,9.189378356933616
gep13,00,2023-11-27,2023-12-09,gcrew,noaa_gefs,13,RH_percent_mean,12,70.98326873779297
gep13,00,2023-11-27,2023-12-09,gcrew,noaa_gefs,13,Rain_mm_sum,12,0
gep13,00,2023-11-27,2023-12-09,gcrew,noaa_gefs,13,ShortwaveRadiation_Wm2,12,92.5
gep13,00,2023-11-27,2023-12-09,gcrew,noaa_gefs,13,WindSpeed_ms_mean,12,4.254736907169081
gep13,00,2023-11-27,2023-12-10,gcrew,noaa_gefs,13,AirTemp_C_mean,13,12.441644287109398
gep13,00,2023-11-27,2023-12-10,gcrew,noaa_gefs,13,RH_percent_mean,13,82.82262802124023
gep13,00,2023-11-27,2023-12-10,gcrew,noaa_gefs,13,Rain_mm_sum,13,0.800000011920929
gep13,00,2023-11-27,2023-12-10,gcrew,noaa_gefs,13,ShortwaveRadiation_Wm2,13,52.5
gep13,00,2023-11-27,2023-12-10,gcrew,noaa_gefs,13,WindSpeed_ms_mean,13,7.214954621995648
gep13,00,2023-11-27,2023-12-11,gcrew,noaa_gefs,13,AirTemp_C_mean,14,8.196138000488304
gep13,00,2023-11-27,2023-12-11,gcrew,noaa_gefs,13,RH_percent_mean,14,67.96190357208252
gep13,00,2023-11-27,2023-12-11,gcrew,noaa_gefs,13,Rain_mm_sum,14,36.89999961853027
gep13,00,2023-11-27,2023-12-11,gcrew,noaa_gefs,13,ShortwaveRadiation_Wm2,14,77.5
gep13,00,2023-11-27,2023-12-11,gcrew,noaa_gefs,13,WindSpeed_ms_mean,14,9.841349318979457
gep13,00,2023-11-27,2023-12-12,gcrew,noaa_gefs,13,AirTemp_C_mean,15,4.513063049316429
gep13,00,2023-11-27,2023-12-12,gcrew,noaa_gefs,13,RH_percent_mean,15,51.38350963592529
gep13,00,2023-11-27,2023-12-12,gcrew,noaa_gefs,13,Rain_mm_sum,15,0
gep13,00,2023-11-27,2023-12-12,gcrew,noaa_gefs,13,ShortwaveRadiation_Wm2,15,115
gep13,00,2023-11-27,2023-12-12,gcrew,noaa_gefs,13,WindSpeed_ms_mean,15,6.445321660564322
gep13,00,2023-11-27,2023-12-13,gcrew,noaa_gefs,13,AirTemp_C_mean,16,6.0189071655273665
gep13,00,2023-11-27,2023-12-13,gcrew,noaa_gefs,13,RH_percent_mean,16,54.307085037231445
gep13,00,2023-11-27,2023-12-13,gcrew,noaa_gefs,13,Rain_mm_sum,16,0
gep13,00,2023-11-27,2023-12-13,gcrew,noaa_gefs,13,ShortwaveRadiation_Wm2,16,95
gep13,00,2023-11-27,2023-12-13,gcrew,noaa_gefs,13,WindSpeed_ms_mean,16,4.919506652192801
gep13,00,2023-11-27,2023-12-14,gcrew,noaa_gefs,13,AirTemp_C_mean,17,1.9536911010742415
gep13,00,2023-11-27,2023-12-14,gcrew,noaa_gefs,13,RH_percent_mean,17,54.30481147766113
gep13,00,2023-11-27,2023-12-14,gcrew,noaa_gefs,13,Rain_mm_sum,17,0
gep13,00,2023-11-27,2023-12-14,gcrew,noaa_gefs,13,ShortwaveRadiation_Wm2,17,102.5
gep13,00,2023-11-27,2023-12-14,gcrew,noaa_gefs,13,WindSpeed_ms_mean,17,6.970441376959462
gep13,00,2023-11-27,2023-12-15,gcrew,noaa_gefs,13,AirTemp_C_mean,18,4.5534530639648665
gep13,00,2023-11-27,2023-12-15,gcrew,noaa_gefs,13,RH_percent_mean,18,48.15119743347168
gep13,00,2023-11-27,2023-12-15,gcrew,noaa_gefs,13,Rain_mm_sum,18,0
gep13,00,2023-11-27,2023-12-15,gcrew,noaa_gefs,13,ShortwaveRadiation_Wm2,18,110
gep13,00,2023-11-27,2023-12-15,gcrew,noaa_gefs,13,WindSpeed_ms_mean,18,6.043071901033547
gep13,00,2023-11-27,2023-12-16,gcrew,noaa_gefs,13,AirTemp_C_mean,19,7.143457031250023
gep13,00,2023-11-27,2023-12-16,gcrew,noaa_gefs,13,RH_percent_mean,19,52.20172309875488
gep13,00,2023-11-27,2023-12-16,gcrew,noaa_gefs,13,Rain_mm_sum,19,0
gep13,00,2023-11-27,2023-12-16,gcrew,noaa_gefs,13,ShortwaveRadiation_Wm2,19,111.5
gep13,00,2023-11-27,2023-12-16,gcrew,noaa_gefs,13,WindSpeed_ms_mean,19,5.818199168438026
gep13,00,2023-11-27,2023-12-17,gcrew,noaa_gefs,13,AirTemp_C_mean,20,6.060304260253929
gep13,00,2023-11-27,2023-12-17,gcrew,noaa_gefs,13,RH_percent_mean,20,73.71020603179932
gep13,00,2023-11-27,2023-12-17,gcrew,noaa_gefs,13,Rain_mm_sum,20,0
gep13,00,2023-11-27,2023-12-17,gcrew,noaa_gefs,13,ShortwaveRadiation_Wm2,20,67.5
gep13,00,2023-11-27,2023-12-17,gcrew,noaa_gefs,13,WindSpeed_ms_mean,20,4.95647322638626
gep13,00,2023-11-27,2023-12-18,gcrew,noaa_gefs,13,AirTemp_C_mean,21,7.519563293457054
gep13,00,2023-11-27,2023-12-18,gcrew,noaa_gefs,13,RH_percent_mean,21,87.2380199432373
gep13,00,2023-11-27,2023-12-18,gcrew,noaa_gefs,13,Rain_mm_sum,21,14.800000309944153
gep13,00,2023-11-27,2023-12-18,gcrew,noaa_gefs,13,ShortwaveRadiation_Wm2,21,10
gep13,00,2023-11-27,2023-12-18,gcrew,noaa_gefs,13,WindSpeed_ms_mean,21,6.641896038089156
gep13,00,2023-11-27,2023-12-19,gcrew,noaa_gefs,13,AirTemp_C_mean,22,7.543115234375023
gep13,00,2023-11-27,2023-12-19,gcrew,noaa_gefs,13,RH_percent_mean,22,82.2885913848877
gep13,00,2023-11-27,2023-12-19,gcrew,noaa_gefs,13,Rain_mm_sum,22,7.600000008940697
gep13,00,2023-11-27,2023-12-19,gcrew,noaa_gefs,13,ShortwaveRadiation_Wm2,22,42.5
gep13,00,2023-11-27,2023-12-19,gcrew,noaa_gefs,13,WindSpeed_ms_mean,22,5.825227171579426
gep13,00,2023-11-27,2023-12-20,gcrew,noaa_gefs,13,AirTemp_C_mean,23,8.987573242187523
gep13,00,2023-11-27,2023-12-20,gcrew,noaa_gefs,13,RH_percent_mean,23,80.18497467041016
gep13,00,2023-11-27,2023-12-20,gcrew,noaa_gefs,13,Rain_mm_sum,23,0.30000000447034836
gep13,00,2023-11-27,2023-12-20,gcrew,noaa_gefs,13,ShortwaveRadiation_Wm2,23,42.5
gep13,00,2023-11-27,2023-12-20,gcrew,noaa_gefs,13,WindSpeed_ms_mean,23,4.078718289512819
gep13,00,2023-11-27,2023-12-21,gcrew,noaa_gefs,13,AirTemp_C_mean,24,8.525712585449241
gep13,00,2023-11-27,2023-12-21,gcrew,noaa_gefs,13,RH_percent_mean,24,76.58914756774902
gep13,00,2023-11-27,2023-12-21,gcrew,noaa_gefs,13,Rain_mm_sum,24,36.49999952316284
gep13,00,2023-11-27,2023-12-21,gcrew,noaa_gefs,13,ShortwaveRadiation_Wm2,24,75
gep13,00,2023-11-27,2023-12-21,gcrew,noaa_gefs,13,WindSpeed_ms_mean,24,11.62732320451973
gep13,00,2023-11-27,2023-12-22,gcrew,noaa_gefs,13,AirTemp_C_mean,25,6.965997314453148
gep13,00,2023-11-27,2023-12-22,gcrew,noaa_gefs,13,RH_percent_mean,25,62.65604782104492
gep13,00,2023-11-27,2023-12-22,gcrew,noaa_gefs,13,Rain_mm_sum,25,0
gep13,00,2023-11-27,2023-12-22,gcrew,noaa_gefs,13,ShortwaveRadiation_Wm2,25,110
gep13,00,2023-11-27,2023-12-22,gcrew,noaa_gefs,13,WindSpeed_ms_mean,25,8.727689670673977
gep13,00,2023-11-27,2023-12-23,gcrew,noaa_gefs,13,AirTemp_C_mean,26,6.719461059570335
gep13,00,2023-11-27,2023-12-23,gcrew,noaa_gefs,13,RH_percent_mean,26,62.82187747955322
gep13,00,2023-11-27,2023-12-23,gcrew,noaa_gefs,13,Rain_mm_sum,26,0
gep13,00,2023-11-27,2023-12-23,gcrew,noaa_gefs,13,ShortwaveRadiation_Wm2,26,87.5
gep13,00,2023-11-27,2023-12-23,gcrew,noaa_gefs,13,WindSpeed_ms_mean,26,2.369054386272265
gep13,00,2023-11-27,2023-12-24,gcrew,noaa_gefs,13,AirTemp_C_mean,27,5.3032699584961165
gep13,00,2023-11-27,2023-12-24,gcrew,noaa_gefs,13,RH_percent_mean,27,81.36386299133301
gep13,00,2023-11-27,2023-12-24,gcrew,noaa_gefs,13,Rain_mm_sum,27,28.30000114440918
gep13,00,2023-11-27,2023-12-24,gcrew,noaa_gefs,13,ShortwaveRadiation_Wm2,27,57.5
gep13,00,2023-11-27,2023-12-24,gcrew,noaa_gefs,13,WindSpeed_ms_mean,27,4.459078748032569
gep13,00,2023-11-27,2023-12-25,gcrew,noaa_gefs,13,AirTemp_C_mean,28,5.13581237792971
gep13,00,2023-11-27,2023-12-25,gcrew,noaa_gefs,13,RH_percent_mean,28,81.22675704956055
gep13,00,2023-11-27,2023-12-25,gcrew,noaa_gefs,13,Rain_mm_sum,28,1.4999999776482582
gep13,00,2023-11-27,2023-12-25,gcrew,noaa_gefs,13,ShortwaveRadiation_Wm2,28,35
gep13,00,2023-11-27,2023-12-25,gcrew,noaa_gefs,13,WindSpeed_ms_mean,28,4.003474868197337
gep13,00,2023-11-27,2023-12-26,gcrew,noaa_gefs,13,AirTemp_C_mean,29,4.564202880859398
gep13,00,2023-11-27,2023-12-26,gcrew,noaa_gefs,13,RH_percent_mean,29,65.44478416442871
gep13,00,2023-11-27,2023-12-26,gcrew,noaa_gefs,13,Rain_mm_sum,29,0.6000000238418579
gep13,00,2023-11-27,2023-12-26,gcrew,noaa_gefs,13,ShortwaveRadiation_Wm2,29,95
gep13,00,2023-11-27,2023-12-26,gcrew,noaa_gefs,13,WindSpeed_ms_mean,29,4.794088178148612
gep13,00,2023-11-27,2023-12-27,gcrew,noaa_gefs,13,AirTemp_C_mean,30,2.5684982299804915
gep13,00,2023-11-27,2023-12-27,gcrew,noaa_gefs,13,RH_percent_mean,30,61.19670581817627
gep13,00,2023-11-27,2023-12-27,gcrew,noaa_gefs,13,Rain_mm_sum,30,0.20000000298023224
gep13,00,2023-11-27,2023-12-27,gcrew,noaa_gefs,13,ShortwaveRadiation_Wm2,30,103
gep13,00,2023-11-27,2023-12-27,gcrew,noaa_gefs,13,WindSpeed_ms_mean,30,7.929123668297478
gep13,00,2023-11-27,2023-12-28,gcrew,noaa_gefs,13,AirTemp_C_mean,31,0.24892578125002274
gep13,00,2023-11-27,2023-12-28,gcrew,noaa_gefs,13,RH_percent_mean,31,54.894179344177246
gep13,00,2023-11-27,2023-12-28,gcrew,noaa_gefs,13,Rain_mm_sum,31,0
gep13,00,2023-11-27,2023-12-28,gcrew,noaa_gefs,13,ShortwaveRadiation_Wm2,31,107.5
gep13,00,2023-11-27,2023-12-28,gcrew,noaa_gefs,13,WindSpeed_ms_mean,31,8.369389072984506
gep13,00,2023-11-27,2023-12-29,gcrew,noaa_gefs,13,AirTemp_C_mean,32,2.135316467285179
gep13,00,2023-11-27,2023-12-29,gcrew,noaa_gefs,13,RH_percent_mean,32,49.380462646484375
gep13,00,2023-11-27,2023-12-29,gcrew,noaa_gefs,13,Rain_mm_sum,32,0
gep13,00,2023-11-27,2023-12-29,gcrew,noaa_gefs,13,ShortwaveRadiation_Wm2,32,100
gep13,00,2023-11-27,2023-12-29,gcrew,noaa_gefs,13,WindSpeed_ms_mean,32,4.864784430286628
gep13,00,2023-11-27,2023-12-30,gcrew,noaa_gefs,13,AirTemp_C_mean,33,2.2571350097656477
gep13,00,2023-11-27,2023-12-30,gcrew,noaa_gefs,13,RH_percent_mean,33,58.125136375427246
gep13,00,2023-11-27,2023-12-30,gcrew,noaa_gefs,13,Rain_mm_sum,33,0
gep13,00,2023-11-27,2023-12-30,gcrew,noaa_gefs,13,ShortwaveRadiation_Wm2,33,105
gep13,00,2023-11-27,2023-12-30,gcrew,noaa_gefs,13,WindSpeed_ms_mean,33,8.121758892113014
gep13,00,2023-11-27,2023-12-31,gcrew,noaa_gefs,13,AirTemp_C_mean,34,0.35221252441408524
gep13,00,2023-11-27,2023-12-31,gcrew,noaa_gefs,13,RH_percent_mean,34,59.313002586364746
gep13,00,2023-11-27,2023-12-31,gcrew,noaa_gefs,13,Rain_mm_sum,34,0
gep13,00,2023-11-27,2023-12-31,gcrew,noaa_gefs,13,ShortwaveRadiation_Wm2,34,110
gep13,00,2023-11-27,2023-12-31,gcrew,noaa_gefs,13,WindSpeed_ms_mean,34,7.684706090714355
gep13,00,2023-11-27,2024-01-01,gcrew,noaa_gefs,13,AirTemp_C_mean,35,0.9818664550781477
gep13,00,2023-11-27,2024-01-01,gcrew,noaa_gefs,13,RH_percent_mean,35,55.25293731689453
gep13,00,2023-11-27,2024-01-01,gcrew,noaa_gefs,13,Rain_mm_sum,35,0
gep13,00,2023-11-27,2024-01-01,gcrew,noaa_gefs,13,ShortwaveRadiation_Wm2,35,150
gep13,00,2023-11-27,2024-01-01,gcrew,noaa_gefs,13,WindSpeed_ms_mean,35,5.577020295958797
gep14,00,2023-11-27,2023-11-27,gcrew,noaa_gefs,14,AirTemp_C_mean,0,7.930160958426362
gep14,00,2023-11-27,2023-11-27,gcrew,noaa_gefs,14,RH_percent_mean,0,65.77873774937221
gep14,00,2023-11-27,2023-11-27,gcrew,noaa_gefs,14,Rain_mm_sum,0,1.409999966621399
gep14,00,2023-11-27,2023-11-27,gcrew,noaa_gefs,14,ShortwaveRadiation_Wm2,0,120
gep14,00,2023-11-27,2023-11-27,gcrew,noaa_gefs,14,WindSpeed_ms_mean,0,6.98831636820665
gep14,00,2023-11-27,2023-11-28,gcrew,noaa_gefs,14,AirTemp_C_mean,1,3.143903350830101
gep14,00,2023-11-27,2023-11-28,gcrew,noaa_gefs,14,RH_percent_mean,1,51.75671911239624
gep14,00,2023-11-27,2023-11-28,gcrew,noaa_gefs,14,Rain_mm_sum,1,0
gep14,00,2023-11-27,2023-11-28,gcrew,noaa_gefs,14,ShortwaveRadiation_Wm2,1,117.25
gep14,00,2023-11-27,2023-11-28,gcrew,noaa_gefs,14,WindSpeed_ms_mean,1,8.719262777459525
gep14,00,2023-11-27,2023-11-29,gcrew,noaa_gefs,14,AirTemp_C_mean,2,0.5654579162597884
gep14,00,2023-11-27,2023-11-29,gcrew,noaa_gefs,14,RH_percent_mean,2,45.022233963012695
gep14,00,2023-11-27,2023-11-29,gcrew,noaa_gefs,14,Rain_mm_sum,2,0
gep14,00,2023-11-27,2023-11-29,gcrew,noaa_gefs,14,ShortwaveRadiation_Wm2,2,123.75
gep14,00,2023-11-27,2023-11-29,gcrew,noaa_gefs,14,WindSpeed_ms_mean,2,6.168336011919848
gep14,00,2023-11-27,2023-11-30,gcrew,noaa_gefs,14,AirTemp_C_mean,3,5.442548370361351
gep14,00,2023-11-27,2023-11-30,gcrew,noaa_gefs,14,RH_percent_mean,3,51.092037200927734
gep14,00,2023-11-27,2023-11-30,gcrew,noaa_gefs,14,Rain_mm_sum,3,0
gep14,00,2023-11-27,2023-11-30,gcrew,noaa_gefs,14,ShortwaveRadiation_Wm2,3,115
gep14,00,2023-11-27,2023-11-30,gcrew,noaa_gefs,14,WindSpeed_ms_mean,3,4.647622723424587
gep14,00,2023-11-27,2023-12-01,gcrew,noaa_gefs,14,AirTemp_C_mean,4,9.021810150146507
gep14,00,2023-11-27,2023-12-01,gcrew,noaa_gefs,14,RH_percent_mean,4,66.71106433868408
gep14,00,2023-11-27,2023-12-01,gcrew,noaa_gefs,14,Rain_mm_sum,4,0.9099999666213989
gep14,00,2023-11-27,2023-12-01,gcrew,noaa_gefs,14,ShortwaveRadiation_Wm2,4,56.25
gep14,00,2023-11-27,2023-12-01,gcrew,noaa_gefs,14,WindSpeed_ms_mean,4,5.704241102456863
gep14,00,2023-11-27,2023-12-02,gcrew,noaa_gefs,14,AirTemp_C_mean,5,11.22754821777346
gep14,00,2023-11-27,2023-12-02,gcrew,noaa_gefs,14,RH_percent_mean,5,89.3065881729126
gep14,00,2023-11-27,2023-12-02,gcrew,noaa_gefs,14,Rain_mm_sum,5,2.1299999933689833
gep14,00,2023-11-27,2023-12-02,gcrew,noaa_gefs,14,ShortwaveRadiation_Wm2,5,68.75
gep14,00,2023-11-27,2023-12-02,gcrew,noaa_gefs,14,WindSpeed_ms_mean,5,3.257810854788391
gep14,00,2023-11-27,2023-12-03,gcrew,noaa_gefs,14,AirTemp_C_mean,6,11.987805938720726
gep14,00,2023-11-27,2023-12-03,gcrew,noaa_gefs,14,RH_percent_mean,6,95.10680103302002
gep14,00,2023-11-27,2023-12-03,gcrew,noaa_gefs,14,Rain_mm_sum,6,40.17000102996826
gep14,00,2023-11-27,2023-12-03,gcrew,noaa_gefs,14,ShortwaveRadiation_Wm2,6,25
gep14,00,2023-11-27,2023-12-03,gcrew,noaa_gefs,14,WindSpeed_ms_mean,6,3.011062993601093
gep14,00,2023-11-27,2023-12-04,gcrew,noaa_gefs,14,AirTemp_C_mean,7,10.208066558837913
gep14,00,2023-11-27,2023-12-04,gcrew,noaa_gefs,14,RH_percent_mean,7,69.40479469299316
gep14,00,2023-11-27,2023-12-04,gcrew,noaa_gefs,14,Rain_mm_sum,7,0.10000000149011612
gep14,00,2023-11-27,2023-12-04,gcrew,noaa_gefs,14,ShortwaveRadiation_Wm2,7,83.75
gep14,00,2023-11-27,2023-12-04,gcrew,noaa_gefs,14,WindSpeed_ms_mean,7,4.650060705382802
gep14,00,2023-11-27,2023-12-05,gcrew,noaa_gefs,14,AirTemp_C_mean,8,7.09925231933596
gep14,00,2023-11-27,2023-12-05,gcrew,noaa_gefs,14,RH_percent_mean,8,59.26151514053345
gep14,00,2023-11-27,2023-12-05,gcrew,noaa_gefs,14,Rain_mm_sum,8,0
gep14,00,2023-11-27,2023-12-05,gcrew,noaa_gefs,14,ShortwaveRadiation_Wm2,8,90
gep14,00,2023-11-27,2023-12-05,gcrew,noaa_gefs,14,WindSpeed_ms_mean,8,4.769365907420658
gep14,00,2023-11-27,2023-12-06,gcrew,noaa_gefs,14,AirTemp_C_mean,9,5.801030731201195
gep14,00,2023-11-27,2023-12-06,gcrew,noaa_gefs,14,RH_percent_mean,9,66.42868709564209
gep14,00,2023-11-27,2023-12-06,gcrew,noaa_gefs,14,Rain_mm_sum,9,0.10000000149011612
gep14,00,2023-11-27,2023-12-06,gcrew,noaa_gefs,14,ShortwaveRadiation_Wm2,9,73.75
gep14,00,2023-11-27,2023-12-06,gcrew,noaa_gefs,14,WindSpeed_ms_mean,9,5.121497430910974
gep14,00,2023-11-27,2023-12-07,gcrew,noaa_gefs,14,AirTemp_C_mean,10,4.628167724609398
gep14,00,2023-11-27,2023-12-07,gcrew,noaa_gefs,14,RH_percent_mean,10,60.15670585632324
gep14,00,2023-11-27,2023-12-07,gcrew,noaa_gefs,14,Rain_mm_sum,10,0.10000000149011612
gep14,00,2023-11-27,2023-12-07,gcrew,noaa_gefs,14,ShortwaveRadiation_Wm2,10,80
gep14,00,2023-11-27,2023-12-07,gcrew,noaa_gefs,14,WindSpeed_ms_mean,10,6.409377329262826
gep14,00,2023-11-27,2023-12-08,gcrew,noaa_gefs,14,AirTemp_C_mean,11,7.60364685058596
gep14,00,2023-11-27,2023-12-08,gcrew,noaa_gefs,14,RH_percent_mean,11,60.32244300842285
gep14,00,2023-11-27,2023-12-08,gcrew,noaa_gefs,14,Rain_mm_sum,11,0
gep14,00,2023-11-27,2023-12-08,gcrew,noaa_gefs,14,ShortwaveRadiation_Wm2,11,85
gep14,00,2023-11-27,2023-12-08,gcrew,noaa_gefs,14,WindSpeed_ms_mean,11,2.9631373493483464
gep14,00,2023-11-27,2023-12-09,gcrew,noaa_gefs,14,AirTemp_C_mean,12,9.189378356933616
gep14,00,2023-11-27,2023-12-09,gcrew,noaa_gefs,14,RH_percent_mean,12,70.98326873779297
gep14,00,2023-11-27,2023-12-09,gcrew,noaa_gefs,14,Rain_mm_sum,12,0
gep14,00,2023-11-27,2023-12-09,gcrew,noaa_gefs,14,ShortwaveRadiation_Wm2,12,92.5
gep14,00,2023-11-27,2023-12-09,gcrew,noaa_gefs,14,WindSpeed_ms_mean,12,4.254736907169081
gep14,00,2023-11-27,2023-12-10,gcrew,noaa_gefs,14,AirTemp_C_mean,13,12.441644287109398
gep14,00,2023-11-27,2023-12-10,gcrew,noaa_gefs,14,RH_percent_mean,13,82.82262802124023
gep14,00,2023-11-27,2023-12-10,gcrew,noaa_gefs,14,Rain_mm_sum,13,0.800000011920929
gep14,00,2023-11-27,2023-12-10,gcrew,noaa_gefs,14,ShortwaveRadiation_Wm2,13,52.5
gep14,00,2023-11-27,2023-12-10,gcrew,noaa_gefs,14,WindSpeed_ms_mean,13,7.214954621995648
gep14,00,2023-11-27,2023-12-11,gcrew,noaa_gefs,14,AirTemp_C_mean,14,8.196138000488304
gep14,00,2023-11-27,2023-12-11,gcrew,noaa_gefs,14,RH_percent_mean,14,67.96190357208252
gep14,00,2023-11-27,2023-12-11,gcrew,noaa_gefs,14,Rain_mm_sum,14,36.89999961853027
gep14,00,2023-11-27,2023-12-11,gcrew,noaa_gefs,14,ShortwaveRadiation_Wm2,14,77.5
gep14,00,2023-11-27,2023-12-11,gcrew,noaa_gefs,14,WindSpeed_ms_mean,14,9.841349318979457
gep14,00,2023-11-27,2023-12-12,gcrew,noaa_gefs,14,AirTemp_C_mean,15,4.513063049316429
gep14,00,2023-11-27,2023-12-12,gcrew,noaa_gefs,14,RH_percent_mean,15,51.38350963592529
gep14,00,2023-11-27,2023-12-12,gcrew,noaa_gefs,14,Rain_mm_sum,15,0
gep14,00,2023-11-27,2023-12-12,gcrew,noaa_gefs,14,ShortwaveRadiation_Wm2,15,115
gep14,00,2023-11-27,2023-12-12,gcrew,noaa_gefs,14,WindSpeed_ms_mean,15,6.445321660564322
gep14,00,2023-11-27,2023-12-13,gcrew,noaa_gefs,14,AirTemp_C_mean,16,6.0189071655273665
gep14,00,2023-11-27,2023-12-13,gcrew,noaa_gefs,14,RH_percent_mean,16,54.307085037231445
gep14,00,2023-11-27,2023-12-13,gcrew,noaa_gefs,14,Rain_mm_sum,16,0
gep14,00,2023-11-27,2023-12-13,gcrew,noaa_gefs,14,ShortwaveRadiation_Wm2,16,95
gep14,00,2023-11-27,2023-12-13,gcrew,noaa_gefs,14,WindSpeed_ms_mean,16,4.919506652192801
gep14,00,2023-11-27,2023-12-14,gcrew,noaa_gefs,14,AirTemp_C_mean,17,1.9536911010742415
gep14,00,2023-11-27,2023-12-14,gcrew,noaa_gefs,14,RH_percent_mean,17,54.30481147766113
gep14,00,2023-11-27,2023-12-14,gcrew,noaa_gefs,14,Rain_mm_sum,17,0
gep14,00,2023-11-27,2023-12-14,gcrew,noaa_gefs,14,ShortwaveRadiation_Wm2,17,102.5
gep14,00,2023-11-27,2023-12-14,gcrew,noaa_gefs,14,WindSpeed_ms_mean,17,6.970441376959462
gep14,00,2023-11-27,2023-12-15,gcrew,noaa_gefs,14,AirTemp_C_mean,18,4.5534530639648665
gep14,00,2023-11-27,2023-12-15,gcrew,noaa_gefs,14,RH_percent_mean,18,48.15119743347168
gep14,00,2023-11-27,2023-12-15,gcrew,noaa_gefs,14,Rain_mm_sum,18,0
gep14,00,2023-11-27,2023-12-15,gcrew,noaa_gefs,14,ShortwaveRadiation_Wm2,18,110
gep14,00,2023-11-27,2023-12-15,gcrew,noaa_gefs,14,WindSpeed_ms_mean,18,6.043071901033547
gep14,00,2023-11-27,2023-12-16,gcrew,noaa_gefs,14,AirTemp_C_mean,19,7.143457031250023
gep14,00,2023-11-27,2023-12-16,gcrew,noaa_gefs,14,RH_percent_mean,19,52.20172309875488
gep14,00,2023-11-27,2023-12-16,gcrew,noaa_gefs,14,Rain_mm_sum,19,0
gep14,00,2023-11-27,2023-12-16,gcrew,noaa_gefs,14,ShortwaveRadiation_Wm2,19,111.5
gep14,00,2023-11-27,2023-12-16,gcrew,noaa_gefs,14,WindSpeed_ms_mean,19,5.818199168438026
gep14,00,2023-11-27,2023-12-17,gcrew,noaa_gefs,14,AirTemp_C_mean,20,6.060304260253929
gep14,00,2023-11-27,2023-12-17,gcrew,noaa_gefs,14,RH_percent_mean,20,73.71020603179932
gep14,00,2023-11-27,2023-12-17,gcrew,noaa_gefs,14,Rain_mm_sum,20,0
gep14,00,2023-11-27,2023-12-17,gcrew,noaa_gefs,14,ShortwaveRadiation_Wm2,20,67.5
gep14,00,2023-11-27,2023-12-17,gcrew,noaa_gefs,14,WindSpeed_ms_mean,20,4.95647322638626
gep14,00,2023-11-27,2023-12-18,gcrew,noaa_gefs,14,AirTemp_C_mean,21,7.519563293457054
gep14,00,2023-11-27,2023-12-18,gcrew,noaa_gefs,14,RH_percent_mean,21,87.2380199432373
gep14,00,2023-11-27,2023-12-18,gcrew,noaa_gefs,14,Rain_mm_sum,21,14.800000309944153
gep14,00,2023-11-27,2023-12-18,gcrew,noaa_gefs,14,ShortwaveRadiation_Wm2,21,10
gep14,00,2023-11-27,2023-12-18,gcrew,noaa_gefs,14,WindSpeed_ms_mean,21,6.641896038089156
gep14,00,2023-11-27,2023-12-19,gcrew,noaa_gefs,14,AirTemp_C_mean,22,7.543115234375023
gep14,00,2023-11-27,2023-12-19,gcrew,noaa_gefs,14,RH_percent_mean,22,82.2885913848877
gep14,00,2023-11-27,2023-12-19,gcrew,noaa_gefs,14,Rain_mm_sum,22,7.600000008940697
gep14,00,2023-11-27,2023-12-19,gcrew,noaa_gefs,14,ShortwaveRadiation_Wm2,22,42.5
gep14,00,2023-11-27,2023-12-19,gcrew,noaa_gefs,14,WindSpeed_ms_mean,22,5.825227171579426
gep14,00,2023-11-27,2023-12-20,gcrew,noaa_gefs,14,AirTemp_C_mean,23,8.987573242187523
gep14,00,2023-11-27,2023-12-20,gcrew,noaa_gefs,14,RH_percent_mean,23,80.18497467041016
gep14,00,2023-11-27,2023-12-20,gcrew,noaa_gefs,14,Rain_mm_sum,23,0.30000000447034836
gep14,00,2023-11-27,2023-12-20,gcrew,noaa_gefs,14,ShortwaveRadiation_Wm2,23,42.5
gep14,00,2023-11-27,2023-12-20,gcrew,noaa_gefs,14,WindSpeed_ms_mean,23,4.078718289512819
gep14,00,2023-11-27,2023-12-21,gcrew,noaa_gefs,14,AirTemp_C_mean,24,8.525712585449241
gep14,00,2023-11-27,2023-12-21,gcrew,noaa_gefs,14,RH_percent_mean,24,76.58914756774902
gep14,00,2023-11-27,2023-12-21,gcrew,noaa_gefs,14,Rain_mm_sum,24,36.49999952316284
gep14,00,2023-11-27,2023-12-21,gcrew,noaa_gefs,14,ShortwaveRadiation_Wm2,24,75
gep14,00,2023-11-27,2023-12-21,gcrew,noaa_gefs,14,WindSpeed_ms_mean,24,11.62732320451973
gep14,00,2023-11-27,2023-12-22,gcrew,noaa_gefs,14,AirTemp_C_mean,25,6.965997314453148
gep14,00,2023-11-27,2023-12-22,gcrew,noaa_gefs,14,RH_percent_mean,25,62.65604782104492
gep14,00,2023-11-27,2023-12-22,gcrew,noaa_gefs,14,Rain_mm_sum,25,0
gep14,00,2023-11-27,2023-12-22,gcrew,noaa_gefs,14,ShortwaveRadiation_Wm2,25,110
gep14,00,2023-11-27,2023-12-22,gcrew,noaa_gefs,14,WindSpeed_ms_mean,25,8.727689670673977
gep14,00,2023-11-27,2023-12-23,gcrew,noaa_gefs,14,AirTemp_C_mean,26,6.719461059570335
gep14,00,2023-11-27,2023-12-23,gcrew,noaa_gefs,14,RH_percent_mean,26,62.82187747955322
gep14,00,2023-11-27,2023-12-23,gcrew,noaa_gefs,14,Rain_mm_sum,26,0
gep14,00,2023-11-27,2023-12-23,gcrew,noaa_gefs,14,ShortwaveRadiation_Wm2,26,87.5
gep14,00,2023-11-27,2023-12-23,gcrew,noaa_gefs,14,WindSpeed_ms_mean,26,2.369054386272265
gep14,00,2023-11-27,2023-12-24,gcrew,noaa_gefs,14,AirTemp_C_mean,27,5.3032699584961165
gep14,00,2023-11-27,2023-12-24,gcrew,noaa_gefs,14,RH_percent_mean,27,81.36386299133301
gep14,00,2023-11-27,2023-12-24,gcrew,noaa_gefs,14,Rain_mm_sum,27,28.30000114440918
gep14,00,2023-11-27,2023-12-24,gcrew,noaa_gefs,14,ShortwaveRadiation_Wm2,27,57.5
gep14,00,2023-11-27,2023-12-24,gcrew,noaa_gefs,14,WindSpeed_ms_mean,27,4.459078748032569
gep14,00,2023-11-27,2023-12-25,gcrew,noaa_gefs,14,AirTemp_C_mean,28,5.13581237792971
gep14,00,2023-11-27,2023-12-25,gcrew,noaa_gefs,14,RH_percent_mean,28,81.22675704956055
gep14,00,2023-11-27,2023-12-25,gcrew,noaa_gefs,14,Rain_mm_sum,28,1.4999999776482582
gep14,00,2023-11-27,2023-12-25,gcrew,noaa_gefs,14,ShortwaveRadiation_Wm2,28,35
gep14,00,2023-11-27,2023-12-25,gcrew,noaa_gefs,14,WindSpeed_ms_mean,28,4.003474868197337
gep14,00,2023-11-27,2023-12-26,gcrew,noaa_gefs,14,AirTemp_C_mean,29,4.564202880859398
gep14,00,2023-11-27,2023-12-26,gcrew,noaa_gefs,14,RH_percent_mean,29,65.44478416442871
gep14,00,2023-11-27,2023-12-26,gcrew,noaa_gefs,14,Rain_mm_sum,29,0.6000000238418579
gep14,00,2023-11-27,2023-12-26,gcrew,noaa_gefs,14,ShortwaveRadiation_Wm2,29,95
gep14,00,2023-11-27,2023-12-26,gcrew,noaa_gefs,14,WindSpeed_ms_mean,29,4.794088178148612
gep14,00,2023-11-27,2023-12-27,gcrew,noaa_gefs,14,AirTemp_C_mean,30,2.5684982299804915
gep14,00,2023-11-27,2023-12-27,gcrew,noaa_gefs,14,RH_percent_mean,30,61.19670581817627
gep14,00,2023-11-27,2023-12-27,gcrew,noaa_gefs,14,Rain_mm_sum,30,0.20000000298023224
gep14,00,2023-11-27,2023-12-27,gcrew,noaa_gefs,14,ShortwaveRadiation_Wm2,30,103
gep14,00,2023-11-27,2023-12-27,gcrew,noaa_gefs,14,WindSpeed_ms_mean,30,7.929123668297478
gep14,00,2023-11-27,2023-12-28,gcrew,noaa_gefs,14,AirTemp_C_mean,31,0.24892578125002274
gep14,00,2023-11-27,2023-12-28,gcrew,noaa_gefs,14,RH_percent_mean,31,54.894179344177246
gep14,00,2023-11-27,2023-12-28,gcrew,noaa_gefs,14,Rain_mm_sum,31,0
gep14,00,2023-11-27,2023-12-28,gcrew,noaa_gefs,14,ShortwaveRadiation_Wm2,31,107.5
gep14,00,2023-11-27,2023-12-28,gcrew,noaa_gefs,14,WindSpeed_ms_mean,31,8.369389072984506
gep14,00,2023-11-27,2023-12-29,gcrew,noaa_gefs,14,AirTemp_C_mean,32,2.135316467285179
gep14,00,2023-11-27,2023-12-29,gcrew,noaa_gefs,14,RH_percent_mean,32,49.380462646484375
gep14,00,2023-11-27,2023-12-29,gcrew,noaa_gefs,14,Rain_mm_sum,32,0
gep14,00,2023-11-27,2023-12-29,gcrew,noaa_gefs,14,ShortwaveRadiation_Wm2,32,100
gep14,00,2023-11-27,2023-12-29,gcrew,noaa_gefs,14,WindSpeed_ms_mean,32,4.864784430286628
gep14,00,2023-11-27,2023-12-30,gcrew,noaa_gefs,14,AirTemp_C_mean,33,2.2571350097656477
gep14,00,2023-11-27,2023-12-30,gcrew,noaa_gefs,14,RH_percent_mean,33,58.125136375427246
gep14,00,2023-11-27,2023-12-30,gcrew,noaa_gefs,14,Rain_mm_sum,33,0
gep14,00,2023-11-27,2023-12-30,gcrew,noaa_gefs,14,ShortwaveRadiation_Wm2,33,105
gep14,00,2023-11-27,2023-12-30,gcrew,noaa_gefs,14,WindSpeed_ms_mean,33,8.121758892113014
gep14,00,2023-11-27,2023-12-31,gcrew,noaa_gefs,14,AirTemp_C_mean,34,0.35221252441408524
gep14,00,2023-11-27,2023-12-31,gcrew,noaa_gefs,14,RH_percent_mean,34,59.313002586364746
gep14,00,2023-11-27,2023-12-31,gcrew,noaa_gefs,14,Rain_mm_sum,34,0
gep14,00,2023-11-27,2023-12-31,gcrew,noaa_gefs,14,ShortwaveRadiation_Wm2,34,110
gep14,00,2023-11-27,2023-12-31,gcrew,noaa_gefs,14,WindSpeed_ms_mean,34,7.684706090714355
gep14,00,2023-11-27,2024-01-01,gcrew,noaa_gefs,14,AirTemp_C_mean,35,0.9818664550781477
gep14,00,2023-11-27,2024-01-01,gcrew,noaa_gefs,14,RH_percent_mean,35,55.25293731689453
gep14,00,2023-11-27,2024-01-01,gcrew,noaa_gefs,14,Rain_mm_sum,35,0
gep14,00,2023-11-27,2024-01-01,gcrew,noaa_gefs,14,ShortwaveRadiation_Wm2,35,150
gep14,00,2023-11-27,2024-01-01,gcrew,noaa_gefs,14,WindSpeed_ms_mean,35,5.577020295958797
gep15,00,2023-11-27,2023-11-27,gcrew,noaa_gefs,15,AirTemp_C_mean,0,7.930160958426362
gep15,00,2023-11-27,2023-11-27,gcrew,noaa_gefs,15,RH_percent_mean,0,65.77873774937221
gep15,00,2023-11-27,2023-11-27,gcrew,noaa_gefs,15,Rain_mm_sum,0,1.409999966621399
gep15,00,2023-11-27,2023-11-27,gcrew,noaa_gefs,15,ShortwaveRadiation_Wm2,0,120
gep15,00,2023-11-27,2023-11-27,gcrew,noaa_gefs,15,WindSpeed_ms_mean,0,6.98831636820665
gep15,00,2023-11-27,2023-11-28,gcrew,noaa_gefs,15,AirTemp_C_mean,1,3.143903350830101
gep15,00,2023-11-27,2023-11-28,gcrew,noaa_gefs,15,RH_percent_mean,1,51.75671911239624
gep15,00,2023-11-27,2023-11-28,gcrew,noaa_gefs,15,Rain_mm_sum,1,0
gep15,00,2023-11-27,2023-11-28,gcrew,noaa_gefs,15,ShortwaveRadiation_Wm2,1,117.25
gep15,00,2023-11-27,2023-11-28,gcrew,noaa_gefs,15,WindSpeed_ms_mean,1,8.719262777459525
gep15,00,2023-11-27,2023-11-29,gcrew,noaa_gefs,15,AirTemp_C_mean,2,0.5654579162597884
gep15,00,2023-11-27,2023-11-29,gcrew,noaa_gefs,15,RH_percent_mean,2,45.022233963012695
gep15,00,2023-11-27,2023-11-29,gcrew,noaa_gefs,15,Rain_mm_sum,2,0
gep15,00,2023-11-27,2023-11-29,gcrew,noaa_gefs,15,ShortwaveRadiation_Wm2,2,123.75
gep15,00,2023-11-27,2023-11-29,gcrew,noaa_gefs,15,WindSpeed_ms_mean,2,6.168336011919848
gep15,00,2023-11-27,2023-11-30,gcrew,noaa_gefs,15,AirTemp_C_mean,3,5.442548370361351
gep15,00,2023-11-27,2023-11-30,gcrew,noaa_gefs,15,RH_percent_mean,3,51.092037200927734
gep15,00,2023-11-27,2023-11-30,gcrew,noaa_gefs,15,Rain_mm_sum,3,0
gep15,00,2023-11-27,2023-11-30,gcrew,noaa_gefs,15,ShortwaveRadiation_Wm2,3,115
gep15,00,2023-11-27,2023-11-30,gcrew,noaa_gefs,15,WindSpeed_ms_mean,3,4.647622723424587
gep15,00,2023-11-27,2023-12-01,gcrew,noaa_gefs,15,AirTemp_C_mean,4,9.021810150146507
gep15,00,2023-11-27,2023-12-01,gcrew,noaa_gefs,15,RH_percent_mean,4,66.71106433868408
gep15,00,2023-11-27,2023-12-01,gcrew,noaa_gefs,15,Rain_mm_sum,4,0.9099999666213989
gep15,00,2023-11-27,2023-12-01,gcrew,noaa_gefs,15,ShortwaveRadiation_Wm2,4,56.25
gep15,00,2023-11-27,2023-12-01,gcrew,noaa_gefs,15,WindSpeed_ms_mean,4,5.704241102456863
gep15,00,2023-11-27,2023-12-02,gcrew,noaa_gefs,15,AirTemp_C_mean,5,11.22754821777346
gep15,00,2023-11-27,2023-12-02,gcrew,noaa_gefs,15,RH_percent_mean,5,89.3065881729126
gep15,00,2023-11-27,2023-12-02,gcrew,noaa_gefs,15,Rain_mm_sum,5,2.1299999933689833
gep15,00,2023-11-27,2023-12-02,gcrew,noaa_gefs,15,ShortwaveRadiation_Wm2,5,68.75
gep15,00,2023-11-27,2023-12-02,gcrew,noaa_gefs,15,WindSpeed_ms_mean,5,3.257810854788391
gep15,00,2023-11-27,2023-12-03,gcrew,noaa_gefs,15,AirTemp_C_mean,6,11.987805938720726
gep15,00,2023-11-27,2023-12-03,gcrew,noaa_gefs,15,RH_percent_mean,6,95.10680103302002
gep15,00,2023-11-27,2023-12-03,gcrew,noaa_gefs,15,Rain_mm_sum,6,40.17000102996826
gep15,00,2023-11-27,2023-12-03,gcrew,noaa_gefs,15,ShortwaveRadiation_Wm2,6,25
gep15,00,2023-11-27,2023-12-03,gcrew,noaa_gefs,15,WindSpeed_ms_mean,6,3.011062993601093
gep15,00,2023-11-27,2023-12-04,gcrew,noaa_gefs,15,AirTemp_C_mean,7,10.208066558837913
gep15,00,2023-11-27,2023-12-04,gcrew,noaa_gefs,15,RH_percent_mean,7,69.40479469299316
gep15,00,2023-11-27,2023-12-04,gcrew,noaa_gefs,15,Rain_mm_sum,7,0.10000000149011612
gep15,00,2023-11-27,2023-12-04,gcrew,noaa_gefs,15,ShortwaveRadiation_Wm2,7,83.75
gep15,00,2023-11-27,2023-12-04,gcrew,noaa_gefs,15,WindSpeed_ms_mean,7,4.650060705382802
gep15,00,2023-11-27,2023-12-05,gcrew,noaa_gefs,15,AirTemp_C_mean,8,7.09925231933596
gep15,00,2023-11-27,2023-12-05,gcrew,noaa_gefs,15,RH_percent_mean,8,59.26151514053345
gep15,00,2023-11-27,2023-12-05,gcrew,noaa_gefs,15,Rain_mm_sum,8,0
gep15,00,2023-11-27,2023-12-05,gcrew,noaa_gefs,15,ShortwaveRadiation_Wm2,8,90
gep15,00,2023-11-27,2023-12-05,gcrew,noaa_gefs,15,WindSpeed_ms_mean,8,4.769365907420658
gep15,00,2023-11-27,2023-12-06,gcrew,noaa_gefs,15,AirTemp_C_mean,9,5.801030731201195
gep15,00,2023-11-27,2023-12-06,gcrew,noaa_gefs,15,RH_percent_mean,9,66.42868709564209
gep15,00,2023-11-27,2023-12-06,gcrew,noaa_gefs,15,Rain_mm_sum,9,0.10000000149011612
gep15,00,2023-11-27,2023-12-06,gcrew,noaa_gefs,15,ShortwaveRadiation_Wm2,9,73.75
gep15,00,2023-11-27,2023-12-06,gcrew,noaa_gefs,15,WindSpeed_ms_mean,9,5.121497430910974
gep15,00,2023-11-27,2023-12-07,gcrew,noaa_gefs,15,AirTemp_C_mean,10,4.628167724609398
gep15,00,2023-11-27,2023-12-07,gcrew,noaa_gefs,15,RH_percent_mean,10,60.15670585632324
gep15,00,2023-11-27,2023-12-07,gcrew,noaa_gefs,15,Rain_mm_sum,10,0.10000000149011612
gep15,00,2023-11-27,2023-12-07,gcrew,noaa_gefs,15,ShortwaveRadiation_Wm2,10,80
gep15,00,2023-11-27,2023-12-07,gcrew,noaa_gefs,15,WindSpeed_ms_mean,10,6.409377329262826
gep15,00,2023-11-27,2023-12-08,gcrew,noaa_gefs,15,AirTemp_C_mean,11,7.60364685058596
gep15,00,2023-11-27,2023-12-08,gcrew,noaa_gefs,15,RH_percent_mean,11,60.32244300842285
gep15,00,2023-11-27,2023-12-08,gcrew,noaa_gefs,15,Rain_mm_sum,11,0
gep15,00,2023-11-27,2023-12-08,gcrew,noaa_gefs,15,ShortwaveRadiation_Wm2,11,85
gep15,00,2023-11-27,2023-12-08,gcrew,noaa_gefs,15,WindSpeed_ms_mean,11,2.9631373493483464
gep15,00,2023-11-27,2023-12-09,gcrew,noaa_gefs,15,AirTemp_C_mean,12,9.189378356933616
gep15,00,2023-11-27,2023-12-09,gcrew,noaa_gefs,15,RH_percent_mean,12,70.98326873779297
gep15,00,2023-11-27,2023-12-09,gcrew,noaa_gefs,15,Rain_mm_sum,12,0
gep15,00,2023-11-27,2023-12-09,gcrew,noaa_gefs,15,ShortwaveRadiation_Wm2,12,92.5
gep15,00,2023-11-27,2023-12-09,gcrew,noaa_gefs,15,WindSpeed_ms_mean,12,4.254736907169081
gep15,00,2023-11-27,2023-12-10,gcrew,noaa_gefs,15,AirTemp_C_mean,13,12.441644287109398
gep15,00,2023-11-27,2023-12-10,gcrew,noaa_gefs,15,RH_percent_mean,13,82.82262802124023
gep15,00,2023-11-27,2023-12-10,gcrew,noaa_gefs,15,Rain_mm_sum,13,0.800000011920929
gep15,00,2023-11-27,2023-12-10,gcrew,noaa_gefs,15,ShortwaveRadiation_Wm2,13,52.5
gep15,00,2023-11-27,2023-12-10,gcrew,noaa_gefs,15,WindSpeed_ms_mean,13,7.214954621995648
gep15,00,2023-11-27,2023-12-11,gcrew,noaa_gefs,15,AirTemp_C_mean,14,8.196138000488304
gep15,00,2023-11-27,2023-12-11,gcrew,noaa_gefs,15,RH_percent_mean,14,67.96190357208252
gep15,00,2023-11-27,2023-12-11,gcrew,noaa_gefs,15,Rain_mm_sum,14,36.89999961853027
gep15,00,2023-11-27,2023-12-11,gcrew,noaa_gefs,15,ShortwaveRadiation_Wm2,14,77.5
gep15,00,2023-11-27,2023-12-11,gcrew,noaa_gefs,15,WindSpeed_ms_mean,14,9.841349318979457
gep15,00,2023-11-27,2023-12-12,gcrew,noaa_gefs,15,AirTemp_C_mean,15,4.513063049316429
gep15,00,2023-11-27,2023-12-12,gcrew,noaa_gefs,15,RH_percent_mean,15,51.38350963592529
gep15,00,2023-11-27,2023-12-12,gcrew,noaa_gefs,15,Rain_mm_sum,15,0
gep15,00,2023-11-27,2023-12-12,gcrew,noaa_gefs,15,ShortwaveRadiation_Wm2,15,115
gep15,00,2023-11-27,2023-12-12,gcrew,noaa_gefs,15,WindSpeed_ms_mean,15,6.445321660564322
gep15,00,2023-11-27,2023-12-13,gcrew,noaa_gefs,15,AirTemp_C_mean,16,6.0189071655273665
gep15,00,2023-11-27,2023-12-13,gcrew,noaa_gefs,15,RH_percent_mean,16,54.307085037231445
gep15,00,2023-11-27,2023-12-13,gcrew,noaa_gefs,15,Rain_mm_sum,16,0
gep15,00,2023-11-27,2023-12-13,gcrew,noaa_gefs,15,ShortwaveRadiation_Wm2,16,95
gep15,00,2023-11-27,2023-12-13,gcrew,noaa_gefs,15,WindSpeed_ms_mean,16,4.919506652192801
gep15,00,2023-11-27,2023-12-14,gcrew,noaa_gefs,15,AirTemp_C_mean,17,1.9536911010742415
gep15,00,2023-11-27,2023-12-14,gcrew,noaa_gefs,15,RH_percent_mean,17,54.30481147766113
gep15,00,2023-11-27,2023-12-14,gcrew,noaa_gefs,15,Rain_mm_sum,17,0
gep15,00,2023-11-27,2023-12-14,gcrew,noaa_gefs,15,ShortwaveRadiation_Wm2,17,102.5
gep15,00,2023-11-27,2023-12-14,gcrew,noaa_gefs,15,WindSpeed_ms_mean,17,6.970441376959462
gep15,00,2023-11-27,2023-12-15,gcrew,noaa_gefs,15,AirTemp_C_mean,18,4.5534530639648665
gep15,00,2023-11-27,2023-12-15,gcrew,noaa_gefs,15,RH_percent_mean,18,48.15119743347168
gep15,00,2023-11-27,2023-12-15,gcrew,noaa_gefs,15,Rain_mm_sum,18,0
gep15,00,2023-11-27,2023-12-15,gcrew,noaa_gefs,15,ShortwaveRadiation_Wm2,18,110
gep15,00,2023-11-27,2023-12-15,gcrew,noaa_gefs,15,WindSpeed_ms_mean,18,6.043071901033547
gep15,00,2023-11-27,2023-12-16,gcrew,noaa_gefs,15,AirTemp_C_mean,19,7.143457031250023
gep15,00,2023-11-27,2023-12-16,gcrew,noaa_gefs,15,RH_percent_mean,19,52.20172309875488
gep15,00,2023-11-27,2023-12-16,gcrew,noaa_gefs,15,Rain_mm_sum,19,0
gep15,00,2023-11-27,2023-12-16,gcrew,noaa_gefs,15,ShortwaveRadiation_Wm2,19,111.5
gep15,00,2023-11-27,2023-12-16,gcrew,noaa_gefs,15,WindSpeed_ms_mean,19,5.818199168438026
gep15,00,2023-11-27,2023-12-17,gcrew,noaa_gefs,15,AirTemp_C_mean,20,6.060304260253929
gep15,00,2023-11-27,2023-12-17,gcrew,noaa_gefs,15,RH_percent_mean,20,73.71020603179932
gep15,00,2023-11-27,2023-12-17,gcrew,noaa_gefs,15,Rain_mm_sum,20,0
gep15,00,2023-11-27,2023-12-17,gcrew,noaa_gefs,15,ShortwaveRadiation_Wm2,20,67.5
gep15,00,2023-11-27,2023-12-17,gcrew,noaa_gefs,15,WindSpeed_ms_mean,20,4.95647322638626
gep15,00,2023-11-27,2023-12-18,gcrew,noaa_gefs,15,AirTemp_C_mean,21,7.519563293457054
gep15,00,2023-11-27,2023-12-18,gcrew,noaa_gefs,15,RH_percent_mean,21,87.2380199432373
gep15,00,2023-11-27,2023-12-18,gcrew,noaa_gefs,15,Rain_mm_sum,21,14.800000309944153
gep15,00,2023-11-27,2023-12-18,gcrew,noaa_gefs,15,ShortwaveRadiation_Wm2,21,10
gep15,00,2023-11-27,2023-12-18,gcrew,noaa_gefs,15,WindSpeed_ms_mean,21,6.641896038089156
gep15,00,2023-11-27,2023-12-19,gcrew,noaa_gefs,15,AirTemp_C_mean,22,7.543115234375023
gep15,00,2023-11-27,2023-12-19,gcrew,noaa_gefs,15,RH_percent_mean,22,82.2885913848877
gep15,00,2023-11-27,2023-12-19,gcrew,noaa_gefs,15,Rain_mm_sum,22,7.600000008940697
gep15,00,2023-11-27,2023-12-19,gcrew,noaa_gefs,15,ShortwaveRadiation_Wm2,22,42.5
gep15,00,2023-11-27,2023-12-19,gcrew,noaa_gefs,15,WindSpeed_ms_mean,22,5.825227171579426
gep15,00,2023-11-27,2023-12-20,gcrew,noaa_gefs,15,AirTemp_C_mean,23,8.987573242187523
gep15,00,2023-11-27,2023-12-20,gcrew,noaa_gefs,15,RH_percent_mean,23,80.18497467041016
gep15,00,2023-11-27,2023-12-20,gcrew,noaa_gefs,15,Rain_mm_sum,23,0.30000000447034836
gep15,00,2023-11-27,2023-12-20,gcrew,noaa_gefs,15,ShortwaveRadiation_Wm2,23,42.5
gep15,00,2023-11-27,2023-12-20,gcrew,noaa_gefs,15,WindSpeed_ms_mean,23,4.078718289512819
gep15,00,2023-11-27,2023-12-21,gcrew,noaa_gefs,15,AirTemp_C_mean,24,8.525712585449241
gep15,00,2023-11-27,2023-12-21,gcrew,noaa_gefs,15,RH_percent_mean,24,76.58914756774902
gep15,00,2023-11-27,2023-12-21,gcrew,noaa_gefs,15,Rain_mm_sum,24,36.49999952316284
gep15,00,2023-11-27,2023-12-21,gcrew,noaa_gefs,15,ShortwaveRadiation_Wm2,24,75
gep15,00,2023-11-27,2023-12-21,gcrew,noaa_gefs,15,WindSpeed_ms_mean,24,11.62732320451973
gep15,00,2023-11-27,2023-12-22,gcrew,noaa_gefs,15,AirTemp_C_mean,25,6.965997314453148
gep15,00,2023-11-27,2023-12-22,gcrew,noaa_gefs,15,RH_percent_mean,25,62.65604782104492
gep15,00,2023-11-27,2023-12-22,gcrew,noaa_gefs,15,Rain_mm_sum,25,0
gep15,00,2023-11-27,2023-12-22,gcrew,noaa_gefs,15,ShortwaveRadiation_Wm2,25,110
gep15,00,2023-11-27,2023-12-22,gcrew,noaa_gefs,15,WindSpeed_ms_mean,25,8.727689670673977
gep15,00,2023-11-27,2023-12-23,gcrew,noaa_gefs,15,AirTemp_C_mean,26,6.719461059570335
gep15,00,2023-11-27,2023-12-23,gcrew,noaa_gefs,15,RH_percent_mean,26,62.82187747955322
gep15,00,2023-11-27,2023-12-23,gcrew,noaa_gefs,15,Rain_mm_sum,26,0
gep15,00,2023-11-27,2023-12-23,gcrew,noaa_gefs,15,ShortwaveRadiation_Wm2,26,87.5
gep15,00,2023-11-27,2023-12-23,gcrew,noaa_gefs,15,WindSpeed_ms_mean,26,2.369054386272265
gep15,00,2023-11-27,2023-12-24,gcrew,noaa_gefs,15,AirTemp_C_mean,27,5.3032699584961165
gep15,00,2023-11-27,2023-12-24,gcrew,noaa_gefs,15,RH_percent_mean,27,81.36386299133301
gep15,00,2023-11-27,2023-12-24,gcrew,noaa_gefs,15,Rain_mm_sum,27,28.30000114440918
gep15,00,2023-11-27,2023-12-24,gcrew,noaa_gefs,15,ShortwaveRadiation_Wm2,27,57.5
gep15,00,2023-11-27,2023-12-24,gcrew,noaa_gefs,15,WindSpeed_ms_mean,27,4.459078748032569
gep15,00,2023-11-27,2023-12-25,gcrew,noaa_gefs,15,AirTemp_C_mean,28,5.13581237792971
gep15,00,2023-11-27,2023-12-25,gcrew,noaa_gefs,15,RH_percent_mean,28,81.22675704956055
gep15,00,2023-11-27,2023-12-25,gcrew,noaa_gefs,15,Rain_mm_sum,28,1.4999999776482582
gep15,00,2023-11-27,2023-12-25,gcrew,noaa_gefs,15,ShortwaveRadiation_Wm2,28,35
gep15,00,2023-11-27,2023-12-25,gcrew,noaa_gefs,15,WindSpeed_ms_mean,28,4.003474868197337
gep15,00,2023-11-27,2023-12-26,gcrew,noaa_gefs,15,AirTemp_C_mean,29,4.564202880859398
gep15,00,2023-11-27,2023-12-26,gcrew,noaa_gefs,15,RH_percent_mean,29,65.44478416442871
gep15,00,2023-11-27,2023-12-26,gcrew,noaa_gefs,15,Rain_mm_sum,29,0.6000000238418579
gep15,00,2023-11-27,2023-12-26,gcrew,noaa_gefs,15,ShortwaveRadiation_Wm2,29,95
gep15,00,2023-11-27,2023-12-26,gcrew,noaa_gefs,15,WindSpeed_ms_mean,29,4.794088178148612
gep15,00,2023-11-27,2023-12-27,gcrew,noaa_gefs,15,AirTemp_C_mean,30,2.5684982299804915
gep15,00,2023-11-27,2023-12-27,gcrew,noaa_gefs,15,RH_percent_mean,30,61.19670581817627
gep15,00,2023-11-27,2023-12-27,gcrew,noaa_gefs,15,Rain_mm_sum,30,0.20000000298023224
gep15,00,2023-11-27,2023-12-27,gcrew,noaa_gefs,15,ShortwaveRadiation_Wm2,30,103
gep15,00,2023-11-27,2023-12-27,gcrew,noaa_gefs,15,WindSpeed_ms_mean,30,7.929123668297478
gep15,00,2023-11-27,2023-12-28,gcrew,noaa_gefs,15,AirTemp_C_mean,31,0.24892578125002274
gep15,00,2023-11-27,2023-12-28,gcrew,noaa_gefs,15,RH_percent_mean,31,54.894179344177246
gep15,00,2023-11-27,2023-12-28,gcrew,noaa_gefs,15,Rain_mm_sum,31,0
gep15,00,2023-11-27,2023-12-28,gcrew,noaa_gefs,15,ShortwaveRadiation_Wm2,31,107.5
gep15,00,2023-11-27,2023-12-28,gcrew,noaa_gefs,15,WindSpeed_ms_mean,31,8.369389072984506
gep15,00,2023-11-27,2023-12-29,gcrew,noaa_gefs,15,AirTemp_C_mean,32,2.135316467285179
gep15,00,2023-11-27,2023-12-29,gcrew,noaa_gefs,15,RH_percent_mean,32,49.380462646484375
gep15,00,2023-11-27,2023-12-29,gcrew,noaa_gefs,15,Rain_mm_sum,32,0
gep15,00,2023-11-27,2023-12-29,gcrew,noaa_gefs,15,ShortwaveRadiation_Wm2,32,100
gep15,00,2023-11-27,2023-12-29,gcrew,noaa_gefs,15,WindSpeed_ms_mean,32,4.864784430286628
gep15,00,2023-11-27,2023-12-30,gcrew,noaa_gefs,15,AirTemp_C_mean,33,2.2571350097656477
gep15,00,2023-11-27,2023-12-30,gcrew,noaa_gefs,15,RH_percent_mean,33,58.125136375427246
gep15,00,2023-11-27,2023-12-30,gcrew,noaa_gefs,15,Rain_mm_sum,33,0
gep15,00,2023-11-27,2023-12-30,gcrew,noaa_gefs,15,ShortwaveRadiation_Wm2,33,105
gep15,00,2023-11-27,2023-12-30,gcrew,noaa_gefs,15,WindSpeed_ms_mean,33,8.121758892113014
gep15,00,2023-11-27,2023-12-31,gcrew,noaa_gefs,15,AirTemp_C_mean,34,0.35221252441408524
gep15,00,2023-11-27,2023-12-31,gcrew,noaa_gefs,15,RH_percent_mean,34,59.313002586364746
gep15,00,2023-11-27,2023-12-31,gcrew,noaa_gefs,15,Rain_mm_sum,34,0
gep15,00,2023-11-27,2023-12-31,gcrew,noaa_gefs,15,ShortwaveRadiation_Wm2,34,110
gep15,00,2023-11-27,2023-12-31,gcrew,noaa_gefs,15,WindSpeed_ms_mean,34,7.684706090714355
gep15,00,2023-11-27,2024-01-01,gcrew,noaa_gefs,15,AirTemp_C_mean,35,0.9818664550781477
gep15,00,2023-11-27,2024-01-01,gcrew,noaa_gefs,15,RH_percent_mean,35,55.25293731689453
gep15,00,2023-11-27,2024-01-01,gcrew,noaa_gefs,15,Rain_mm_sum,35,0
gep15,00,2023-11-27,2024-01-01,gcrew,noaa_gefs,15,ShortwaveRadiation_Wm2,35,150
gep15,00,2023-11-27,2024-01-01,gcrew,noaa_gefs,15,WindSpeed_ms_mean,35,5.577020295958797
gep16,00,2023-11-27,2023-11-27,gcrew,noaa_gefs,16,AirTemp_C_mean,0,7.930160958426362
gep16,00,2023-11-27,2023-11-27,gcrew,noaa_gefs,16,RH_percent_mean,0,65.77873774937221
gep16,00,2023-11-27,2023-11-27,gcrew,noaa_gefs,16,Rain_mm_sum,0,1.409999966621399
gep16,00,2023-11-27,2023-11-27,gcrew,noaa_gefs,16,ShortwaveRadiation_Wm2,0,120
gep16,00,2023-11-27,2023-11-27,gcrew,noaa_gefs,16,WindSpeed_ms_mean,0,6.98831636820665
gep16,00,2023-11-27,2023-11-28,gcrew,noaa_gefs,16,AirTemp_C_mean,1,3.143903350830101
gep16,00,2023-11-27,2023-11-28,gcrew,noaa_gefs,16,RH_percent_mean,1,51.75671911239624
gep16,00,2023-11-27,2023-11-28,gcrew,noaa_gefs,16,Rain_mm_sum,1,0
gep16,00,2023-11-27,2023-11-28,gcrew,noaa_gefs,16,ShortwaveRadiation_Wm2,1,117.25
gep16,00,2023-11-27,2023-11-28,gcrew,noaa_gefs,16,WindSpeed_ms_mean,1,8.719262777459525
gep16,00,2023-11-27,2023-11-29,gcrew,noaa_gefs,16,AirTemp_C_mean,2,0.5654579162597884
gep16,00,2023-11-27,2023-11-29,gcrew,noaa_gefs,16,RH_percent_mean,2,45.022233963012695
gep16,00,2023-11-27,2023-11-29,gcrew,noaa_gefs,16,Rain_mm_sum,2,0
gep16,00,2023-11-27,2023-11-29,gcrew,noaa_gefs,16,ShortwaveRadiation_Wm2,2,123.75
gep16,00,2023-11-27,2023-11-29,gcrew,noaa_gefs,16,WindSpeed_ms_mean,2,6.168336011919848
gep16,00,2023-11-27,2023-11-30,gcrew,noaa_gefs,16,AirTemp_C_mean,3,5.442548370361351
gep16,00,2023-11-27,2023-11-30,gcrew,noaa_gefs,16,RH_percent_mean,3,51.092037200927734
gep16,00,2023-11-27,2023-11-30,gcrew,noaa_gefs,16,Rain_mm_sum,3,0
gep16,00,2023-11-27,2023-11-30,gcrew,noaa_gefs,16,ShortwaveRadiation_Wm2,3,115
gep16,00,2023-11-27,2023-11-30,gcrew,noaa_gefs,16,WindSpeed_ms_mean,3,4.647622723424587
gep16,00,2023-11-27,2023-12-01,gcrew,noaa_gefs,16,AirTemp_C_mean,4,9.021810150146507
gep16,00,2023-11-27,2023-12-01,gcrew,noaa_gefs,16,RH_percent_mean,4,66.71106433868408
gep16,00,2023-11-27,2023-12-01,gcrew,noaa_gefs,16,Rain_mm_sum,4,0.9099999666213989
gep16,00,2023-11-27,2023-12-01,gcrew,noaa_gefs,16,ShortwaveRadiation_Wm2,4,56.25
gep16,00,2023-11-27,2023-12-01,gcrew,noaa_gefs,16,WindSpeed_ms_mean,4,5.704241102456863
gep16,00,2023-11-27,2023-12-02,gcrew,noaa_gefs,16,AirTemp_C_mean,5,11.22754821777346
gep16,00,2023-11-27,2023-12-02,gcrew,noaa_gefs,16,RH_percent_mean,5,89.3065881729126
gep16,00,2023-11-27,2023-12-02,gcrew,noaa_gefs,16,Rain_mm_sum,5,2.1299999933689833
gep16,00,2023-11-27,2023-12-02,gcrew,noaa_gefs,16,ShortwaveRadiation_Wm2,5,68.75
gep16,00,2023-11-27,2023-12-02,gcrew,noaa_gefs,16,WindSpeed_ms_mean,5,3.257810854788391
gep16,00,2023-11-27,2023-12-03,gcrew,noaa_gefs,16,AirTemp_C_mean,6,11.987805938720726
gep16,00,2023-11-27,2023-12-03,gcrew,noaa_gefs,16,RH_percent_mean,6,95.10680103302002
gep16,00,2023-11-27,2023-12-03,gcrew,noaa_gefs,16,Rain_mm_sum,6,40.17000102996826
gep16,00,2023-11-27,2023-12-03,gcrew,noaa_gefs,16,ShortwaveRadiation_Wm2,6,25
gep16,00,2023-11-27,2023-12-03,gcrew,noaa_gefs,16,WindSpeed_ms_mean,6,3.011062993601093
gep16,00,2023-11-27,2023-12-04,gcrew,noaa_gefs,16,AirTemp_C_mean,7,10.208066558837913
gep16,00,2023-11-27,2023-12-04,gcrew,noaa_gefs,16,RH_percent_mean,7,69.40479469299316
gep16,00,2023-11-27,2023-12-04,gcrew,noaa_gefs,16,Rain_mm_sum,7,0.10000000149011612
gep16,00,2023-11-27,2023-12-04,gcrew,noaa_gefs,16,ShortwaveRadiation_Wm2,7,83.75
gep16,00,2023-11-27,2023-12-04,gcrew,noaa_gefs,16,WindSpeed_ms_mean,7,4.650060705382802
gep16,00,2023-11-27,2023-12-05,gcrew,noaa_gefs,16,AirTemp_C_mean,8,7.09925231933596
gep16,00,2023-11-27,2023-12-05,gcrew,noaa_gefs,16,RH_percent_mean,8,59.26151514053345
gep16,00,2023-11-27,2023-12-05,gcrew,noaa_gefs,16,Rain_mm_sum,8,0
gep16,00,2023-11-27,2023-12-05,gcrew,noaa_gefs,16,ShortwaveRadiation_Wm2,8,90
gep16,00,2023-11-27,2023-12-05,gcrew,noaa_gefs,16,WindSpeed_ms_mean,8,4.769365907420658
gep16,00,2023-11-27,2023-12-06,gcrew,noaa_gefs,16,AirTemp_C_mean,9,5.801030731201195
gep16,00,2023-11-27,2023-12-06,gcrew,noaa_gefs,16,RH_percent_mean,9,66.42868709564209
gep16,00,2023-11-27,2023-12-06,gcrew,noaa_gefs,16,Rain_mm_sum,9,0.10000000149011612
gep16,00,2023-11-27,2023-12-06,gcrew,noaa_gefs,16,ShortwaveRadiation_Wm2,9,73.75
gep16,00,2023-11-27,2023-12-06,gcrew,noaa_gefs,16,WindSpeed_ms_mean,9,5.121497430910974
gep16,00,2023-11-27,2023-12-07,gcrew,noaa_gefs,16,AirTemp_C_mean,10,4.628167724609398
gep16,00,2023-11-27,2023-12-07,gcrew,noaa_gefs,16,RH_percent_mean,10,60.15670585632324
gep16,00,2023-11-27,2023-12-07,gcrew,noaa_gefs,16,Rain_mm_sum,10,0.10000000149011612
gep16,00,2023-11-27,2023-12-07,gcrew,noaa_gefs,16,ShortwaveRadiation_Wm2,10,80
gep16,00,2023-11-27,2023-12-07,gcrew,noaa_gefs,16,WindSpeed_ms_mean,10,6.409377329262826
gep16,00,2023-11-27,2023-12-08,gcrew,noaa_gefs,16,AirTemp_C_mean,11,7.60364685058596
gep16,00,2023-11-27,2023-12-08,gcrew,noaa_gefs,16,RH_percent_mean,11,60.32244300842285
gep16,00,2023-11-27,2023-12-08,gcrew,noaa_gefs,16,Rain_mm_sum,11,0
gep16,00,2023-11-27,2023-12-08,gcrew,noaa_gefs,16,ShortwaveRadiation_Wm2,11,85
gep16,00,2023-11-27,2023-12-08,gcrew,noaa_gefs,16,WindSpeed_ms_mean,11,2.9631373493483464
gep16,00,2023-11-27,2023-12-09,gcrew,noaa_gefs,16,AirTemp_C_mean,12,9.189378356933616
gep16,00,2023-11-27,2023-12-09,gcrew,noaa_gefs,16,RH_percent_mean,12,70.98326873779297
gep16,00,2023-11-27,2023-12-09,gcrew,noaa_gefs,16,Rain_mm_sum,12,0
gep16,00,2023-11-27,2023-12-09,gcrew,noaa_gefs,16,ShortwaveRadiation_Wm2,12,92.5
gep16,00,2023-11-27,2023-12-09,gcrew,noaa_gefs,16,WindSpeed_ms_mean,12,4.254736907169081
gep16,00,2023-11-27,2023-12-10,gcrew,noaa_gefs,16,AirTemp_C_mean,13,12.441644287109398
gep16,00,2023-11-27,2023-12-10,gcrew,noaa_gefs,16,RH_percent_mean,13,82.82262802124023
gep16,00,2023-11-27,2023-12-10,gcrew,noaa_gefs,16,Rain_mm_sum,13,0.800000011920929
gep16,00,2023-11-27,2023-12-10,gcrew,noaa_gefs,16,ShortwaveRadiation_Wm2,13,52.5
gep16,00,2023-11-27,2023-12-10,gcrew,noaa_gefs,16,WindSpeed_ms_mean,13,7.214954621995648
gep16,00,2023-11-27,2023-12-11,gcrew,noaa_gefs,16,AirTemp_C_mean,14,8.196138000488304
gep16,00,2023-11-27,2023-12-11,gcrew,noaa_gefs,16,RH_percent_mean,14,67.96190357208252
gep16,00,2023-11-27,2023-12-11,gcrew,noaa_gefs,16,Rain_mm_sum,14,36.89999961853027
gep16,00,2023-11-27,2023-12-11,gcrew,noaa_gefs,16,ShortwaveRadiation_Wm2,14,77.5
gep16,00,2023-11-27,2023-12-11,gcrew,noaa_gefs,16,WindSpeed_ms_mean,14,9.841349318979457
gep16,00,2023-11-27,2023-12-12,gcrew,noaa_gefs,16,AirTemp_C_mean,15,4.513063049316429
gep16,00,2023-11-27,2023-12-12,gcrew,noaa_gefs,16,RH_percent_mean,15,51.38350963592529
gep16,00,2023-11-27,2023-12-12,gcrew,noaa_gefs,16,Rain_mm_sum,15,0
gep16,00,2023-11-27,2023-12-12,gcrew,noaa_gefs,16,ShortwaveRadiation_Wm2,15,115
gep16,00,2023-11-27,2023-12-12,gcrew,noaa_gefs,16,WindSpeed_ms_mean,15,6.445321660564322
gep16,00,2023-11-27,2023-12-13,gcrew,noaa_gefs,16,AirTemp_C_mean,16,6.0189071655273665
gep16,00,2023-11-27,2023-12-13,gcrew,noaa_gefs,16,RH_percent_mean,16,54.307085037231445
gep16,00,2023-11-27,2023-12-13,gcrew,noaa_gefs,16,Rain_mm_sum,16,0
gep16,00,2023-11-27,2023-12-13,gcrew,noaa_gefs,16,ShortwaveRadiation_Wm2,16,95
gep16,00,2023-11-27,2023-12-13,gcrew,noaa_gefs,16,WindSpeed_ms_mean,16,4.919506652192801
gep16,00,2023-11-27,2023-12-14,gcrew,noaa_gefs,16,AirTemp_C_mean,17,1.9536911010742415
gep16,00,2023-11-27,2023-12-14,gcrew,noaa_gefs,16,RH_percent_mean,17,54.30481147766113
gep16,00,2023-11-27,2023-12-14,gcrew,noaa_gefs,16,Rain_mm_sum,17,0
gep16,00,2023-11-27,2023-12-14,gcrew,noaa_gefs,16,ShortwaveRadiation_Wm2,17,102.5
gep16,00,2023-11-27,2023-12-14,gcrew,noaa_gefs,16,WindSpeed_ms_mean,17,6.970441376959462
gep16,00,2023-11-27,2023-12-15,gcrew,noaa_gefs,16,AirTemp_C_mean,18,4.5534530639648665
gep16,00,2023-11-27,2023-12-15,gcrew,noaa_gefs,16,RH_percent_mean,18,48.15119743347168
gep16,00,2023-11-27,2023-12-15,gcrew,noaa_gefs,16,Rain_mm_sum,18,0
gep16,00,2023-11-27,2023-12-15,gcrew,noaa_gefs,16,ShortwaveRadiation_Wm2,18,110
gep16,00,2023-11-27,2023-12-15,gcrew,noaa_gefs,16,WindSpeed_ms_mean,18,6.043071901033547
gep16,00,2023-11-27,2023-12-16,gcrew,noaa_gefs,16,AirTemp_C_mean,19,7.143457031250023
gep16,00,2023-11-27,2023-12-16,gcrew,noaa_gefs,16,RH_percent_mean,19,52.20172309875488
gep16,00,2023-11-27,2023-12-16,gcrew,noaa_gefs,16,Rain_mm_sum,19,0
gep16,00,2023-11-27,2023-12-16,gcrew,noaa_gefs,16,ShortwaveRadiation_Wm2,19,111.5
gep16,00,2023-11-27,2023-12-16,gcrew,noaa_gefs,16,WindSpeed_ms_mean,19,5.818199168438026
gep16,00,2023-11-27,2023-12-17,gcrew,noaa_gefs,16,AirTemp_C_mean,20,6.060304260253929
gep16,00,2023-11-27,2023-12-17,gcrew,noaa_gefs,16,RH_percent_mean,20,73.71020603179932
gep16,00,2023-11-27,2023-12-17,gcrew,noaa_gefs,16,Rain_mm_sum,20,0
gep16,00,2023-11-27,2023-12-17,gcrew,noaa_gefs,16,ShortwaveRadiation_Wm2,20,67.5
gep16,00,2023-11-27,2023-12-17,gcrew,noaa_gefs,16,WindSpeed_ms_mean,20,4.95647322638626
gep16,00,2023-11-27,2023-12-18,gcrew,noaa_gefs,16,AirTemp_C_mean,21,7.519563293457054
gep16,00,2023-11-27,2023-12-18,gcrew,noaa_gefs,16,RH_percent_mean,21,87.2380199432373
gep16,00,2023-11-27,2023-12-18,gcrew,noaa_gefs,16,Rain_mm_sum,21,14.800000309944153
gep16,00,2023-11-27,2023-12-18,gcrew,noaa_gefs,16,ShortwaveRadiation_Wm2,21,10
gep16,00,2023-11-27,2023-12-18,gcrew,noaa_gefs,16,WindSpeed_ms_mean,21,6.641896038089156
gep16,00,2023-11-27,2023-12-19,gcrew,noaa_gefs,16,AirTemp_C_mean,22,7.543115234375023
gep16,00,2023-11-27,2023-12-19,gcrew,noaa_gefs,16,RH_percent_mean,22,82.2885913848877
gep16,00,2023-11-27,2023-12-19,gcrew,noaa_gefs,16,Rain_mm_sum,22,7.600000008940697
gep16,00,2023-11-27,2023-12-19,gcrew,noaa_gefs,16,ShortwaveRadiation_Wm2,22,42.5
gep16,00,2023-11-27,2023-12-19,gcrew,noaa_gefs,16,WindSpeed_ms_mean,22,5.825227171579426
gep16,00,2023-11-27,2023-12-20,gcrew,noaa_gefs,16,AirTemp_C_mean,23,8.987573242187523
gep16,00,2023-11-27,2023-12-20,gcrew,noaa_gefs,16,RH_percent_mean,23,80.18497467041016
gep16,00,2023-11-27,2023-12-20,gcrew,noaa_gefs,16,Rain_mm_sum,23,0.30000000447034836
gep16,00,2023-11-27,2023-12-20,gcrew,noaa_gefs,16,ShortwaveRadiation_Wm2,23,42.5
gep16,00,2023-11-27,2023-12-20,gcrew,noaa_gefs,16,WindSpeed_ms_mean,23,4.078718289512819
gep16,00,2023-11-27,2023-12-21,gcrew,noaa_gefs,16,AirTemp_C_mean,24,8.525712585449241
gep16,00,2023-11-27,2023-12-21,gcrew,noaa_gefs,16,RH_percent_mean,24,76.58914756774902
gep16,00,2023-11-27,2023-12-21,gcrew,noaa_gefs,16,Rain_mm_sum,24,36.49999952316284
gep16,00,2023-11-27,2023-12-21,gcrew,noaa_gefs,16,ShortwaveRadiation_Wm2,24,75
gep16,00,2023-11-27,2023-12-21,gcrew,noaa_gefs,16,WindSpeed_ms_mean,24,11.62732320451973
gep16,00,2023-11-27,2023-12-22,gcrew,noaa_gefs,16,AirTemp_C_mean,25,6.965997314453148
gep16,00,2023-11-27,2023-12-22,gcrew,noaa_gefs,16,RH_percent_mean,25,62.65604782104492
gep16,00,2023-11-27,2023-12-22,gcrew,noaa_gefs,16,Rain_mm_sum,25,0
gep16,00,2023-11-27,2023-12-22,gcrew,noaa_gefs,16,ShortwaveRadiation_Wm2,25,110
gep16,00,2023-11-27,2023-12-22,gcrew,noaa_gefs,16,WindSpeed_ms_mean,25,8.727689670673977
gep16,00,2023-11-27,2023-12-23,gcrew,noaa_gefs,16,AirTemp_C_mean,26,6.719461059570335
gep16,00,2023-11-27,2023-12-23,gcrew,noaa_gefs,16,RH_percent_mean,26,62.82187747955322
gep16,00,2023-11-27,2023-12-23,gcrew,noaa_gefs,16,Rain_mm_sum,26,0
gep16,00,2023-11-27,2023-12-23,gcrew,noaa_gefs,16,ShortwaveRadiation_Wm2,26,87.5
gep16,00,2023-11-27,2023-12-23,gcrew,noaa_gefs,16,WindSpeed_ms_mean,26,2.369054386272265
gep16,00,2023-11-27,2023-12-24,gcrew,noaa_gefs,16,AirTemp_C_mean,27,5.3032699584961165
gep16,00,2023-11-27,2023-12-24,gcrew,noaa_gefs,16,RH_percent_mean,27,81.36386299133301
gep16,00,2023-11-27,2023-12-24,gcrew,noaa_gefs,16,Rain_mm_sum,27,28.30000114440918
gep16,00,2023-11-27,2023-12-24,gcrew,noaa_gefs,16,ShortwaveRadiation_Wm2,27,57.5
gep16,00,2023-11-27,2023-12-24,gcrew,noaa_gefs,16,WindSpeed_ms_mean,27,4.459078748032569
gep16,00,2023-11-27,2023-12-25,gcrew,noaa_gefs,16,AirTemp_C_mean,28,5.13581237792971
gep16,00,2023-11-27,2023-12-25,gcrew,noaa_gefs,16,RH_percent_mean,28,81.22675704956055
gep16,00,2023-11-27,2023-12-25,gcrew,noaa_gefs,16,Rain_mm_sum,28,1.4999999776482582
gep16,00,2023-11-27,2023-12-25,gcrew,noaa_gefs,16,ShortwaveRadiation_Wm2,28,35
gep16,00,2023-11-27,2023-12-25,gcrew,noaa_gefs,16,WindSpeed_ms_mean,28,4.003474868197337
gep16,00,2023-11-27,2023-12-26,gcrew,noaa_gefs,16,AirTemp_C_mean,29,4.564202880859398
gep16,00,2023-11-27,2023-12-26,gcrew,noaa_gefs,16,RH_percent_mean,29,65.44478416442871
gep16,00,2023-11-27,2023-12-26,gcrew,noaa_gefs,16,Rain_mm_sum,29,0.6000000238418579
gep16,00,2023-11-27,2023-12-26,gcrew,noaa_gefs,16,ShortwaveRadiation_Wm2,29,95
gep16,00,2023-11-27,2023-12-26,gcrew,noaa_gefs,16,WindSpeed_ms_mean,29,4.794088178148612
gep16,00,2023-11-27,2023-12-27,gcrew,noaa_gefs,16,AirTemp_C_mean,30,2.5684982299804915
gep16,00,2023-11-27,2023-12-27,gcrew,noaa_gefs,16,RH_percent_mean,30,61.19670581817627
gep16,00,2023-11-27,2023-12-27,gcrew,noaa_gefs,16,Rain_mm_sum,30,0.20000000298023224
gep16,00,2023-11-27,2023-12-27,gcrew,noaa_gefs,16,ShortwaveRadiation_Wm2,30,103
gep16,00,2023-11-27,2023-12-27,gcrew,noaa_gefs,16,WindSpeed_ms_mean,30,7.929123668297478
gep16,00,2023-11-27,2023-12-28,gcrew,noaa_gefs,16,AirTemp_C_mean,31,0.24892578125002274
gep16,00,2023-11-27,2023-12-28,gcrew,noaa_gefs,16,RH_percent_mean,31,54.894179344177246
gep16,00,2023-11-27,2023-12-28,gcrew,noaa_gefs,16,Rain_mm_sum,31,0
gep16,00,2023-11-27,2023-12-28,gcrew,noaa_gefs,16,ShortwaveRadiation_Wm2,31,107.5
gep16,00,2023-11-27,2023-12-28,gcrew,noaa_gefs,16,WindSpeed_ms_mean,31,8.369389072984506
gep16,00,2023-11-27,2023-12-29,gcrew,noaa_gefs,16,AirTemp_C_mean,32,2.135316467285179
gep16,00,2023-11-27,2023-12-29,gcrew,noaa_gefs,16,RH_percent_mean,32,49.380462646484375
gep16,00,2023-11-27,2023-12-29,gcrew,noaa_gefs,16,Rain_mm_sum,32,0
gep16,00,2023-11-27,2023-12-29,gcrew,noaa_gefs,16,ShortwaveRadiation_Wm2,32,100
gep16,00,2023-11-27,2023-12-29,gcrew,noaa_gefs,16,WindSpeed_ms_mean,32,4.864784430286628
gep16,00,2023-11-27,2023-12-30,gcrew,noaa_gefs,16,AirTemp_C_mean,33,2.2571350097656477
gep16,00,2023-11-27,2023-12-30,gcrew,noaa_gefs,16,RH_percent_mean,33,58.125136375427246
gep16,00,2023-11-27,2023-12-30,gcrew,noaa_gefs,16,Rain_mm_sum,33,0
gep16,00,2023-11-27,2023-12-30,gcrew,noaa_gefs,16,ShortwaveRadiation_Wm2,33,105
gep16,00,2023-11-27,2023-12-30,gcrew,noaa_gefs,16,WindSpeed_ms_mean,33,8.121758892113014
gep16,00,2023-11-27,2023-12-31,gcrew,noaa_gefs,16,AirTemp_C_mean,34,0.35221252441408524
gep16,00,2023-11-27,2023-12-31,gcrew,noaa_gefs,16,RH_percent_mean,34,59.313002586364746
gep16,00,2023-11-27,2023-12-31,gcrew,noaa_gefs,16,Rain_mm_sum,34,0
gep16,00,2023-11-27,2023-12-31,gcrew,noaa_gefs,16,ShortwaveRadiation_Wm2,34,110
gep16,00,2023-11-27,2023-12-31,gcrew,noaa_gefs,16,WindSpeed_ms_mean,34,7.684706090714355
gep16,00,2023-11-27,2024-01-01,gcrew,noaa_gefs,16,AirTemp_C_mean,35,0.9818664550781477
gep16,00,2023-11-27,2024-01-01,gcrew,noaa_gefs,16,RH_percent_mean,35,55.25293731689453
gep16,00,2023-11-27,2024-01-01,gcrew,noaa_gefs,16,Rain_mm_sum,35,0
gep16,00,2023-11-27,2024-01-01,gcrew,noaa_gefs,16,ShortwaveRadiation_Wm2,35,150
gep16,00,2023-11-27,2024-01-01,gcrew,noaa_gefs,16,WindSpeed_ms_mean,35,5.577020295958797
gep17,00,2023-11-27,2023-11-27,gcrew,noaa_gefs,17,AirTemp_C_mean,0,7.930160958426362
gep17,00,2023-11-27,2023-11-27,gcrew,noaa_gefs,17,RH_percent_mean,0,65.77873774937221
gep17,00,2023-11-27,2023-11-27,gcrew,noaa_gefs,17,Rain_mm_sum,0,1.409999966621399
gep17,00,2023-11-27,2023-11-27,gcrew,noaa_gefs,17,ShortwaveRadiation_Wm2,0,120
gep17,00,2023-11-27,2023-11-27,gcrew,noaa_gefs,17,WindSpeed_ms_mean,0,6.98831636820665
gep17,00,2023-11-27,2023-11-28,gcrew,noaa_gefs,17,AirTemp_C_mean,1,3.143903350830101
gep17,00,2023-11-27,2023-11-28,gcrew,noaa_gefs,17,RH_percent_mean,1,51.75671911239624
gep17,00,2023-11-27,2023-11-28,gcrew,noaa_gefs,17,Rain_mm_sum,1,0
gep17,00,2023-11-27,2023-11-28,gcrew,noaa_gefs,17,ShortwaveRadiation_Wm2,1,117.25
gep17,00,2023-11-27,2023-11-28,gcrew,noaa_gefs,17,WindSpeed_ms_mean,1,8.719262777459525
gep17,00,2023-11-27,2023-11-29,gcrew,noaa_gefs,17,AirTemp_C_mean,2,0.5654579162597884
gep17,00,2023-11-27,2023-11-29,gcrew,noaa_gefs,17,RH_percent_mean,2,45.022233963012695
gep17,00,2023-11-27,2023-11-29,gcrew,noaa_gefs,17,Rain_mm_sum,2,0
gep17,00,2023-11-27,2023-11-29,gcrew,noaa_gefs,17,ShortwaveRadiation_Wm2,2,123.75
gep17,00,2023-11-27,2023-11-29,gcrew,noaa_gefs,17,WindSpeed_ms_mean,2,6.168336011919848
gep17,00,2023-11-27,2023-11-30,gcrew,noaa_gefs,17,AirTemp_C_mean,3,5.442548370361351
gep17,00,2023-11-27,2023-11-30,gcrew,noaa_gefs,17,RH_percent_mean,3,51.092037200927734
gep17,00,2023-11-27,2023-11-30,gcrew,noaa_gefs,17,Rain_mm_sum,3,0
gep17,00,2023-11-27,2023-11-30,gcrew,noaa_gefs,17,ShortwaveRadiation_Wm2,3,115
gep17,00,2023-11-27,2023-11-30,gcrew,noaa_gefs,17,WindSpeed_ms_mean,3,4.647622723424587
gep17,00,2023-11-27,2023-12-01,gcrew,noaa_gefs,17,AirTemp_C_mean,4,9.021810150146507
gep17,00,2023-11-27,2023-12-01,gcrew,noaa_gefs,17,RH_percent_mean,4,66.71106433868408
gep17,00,2023-11-27,2023-12-01,gcrew,noaa_gefs,17,Rain_mm_sum,4,0.9099999666213989
gep17,00,2023-11-27,2023-12-01,gcrew,noaa_gefs,17,ShortwaveRadiation_Wm2,4,56.25
gep17,00,2023-11-27,2023-12-01,gcrew,noaa_gefs,17,WindSpeed_ms_mean,4,5.704241102456863
gep17,00,2023-11-27,2023-12-02,gcrew,noaa_gefs,17,AirTemp_C_mean,5,11.22754821777346
gep17,00,2023-11-27,2023-12-02,gcrew,noaa_gefs,17,RH_percent_mean,5,89.3065881729126
gep17,00,2023-11-27,2023-12-02,gcrew,noaa_gefs,17,Rain_mm_sum,5,2.1299999933689833
gep17,00,2023-11-27,2023-12-02,gcrew,noaa_gefs,17,ShortwaveRadiation_Wm2,5,68.75
gep17,00,2023-11-27,2023-12-02,gcrew,noaa_gefs,17,WindSpeed_ms_mean,5,3.257810854788391
gep17,00,2023-11-27,2023-12-03,gcrew,noaa_gefs,17,AirTemp_C_mean,6,11.987805938720726
gep17,00,2023-11-27,2023-12-03,gcrew,noaa_gefs,17,RH_percent_mean,6,95.10680103302002
gep17,00,2023-11-27,2023-12-03,gcrew,noaa_gefs,17,Rain_mm_sum,6,40.17000102996826
gep17,00,2023-11-27,2023-12-03,gcrew,noaa_gefs,17,ShortwaveRadiation_Wm2,6,25
gep17,00,2023-11-27,2023-12-03,gcrew,noaa_gefs,17,WindSpeed_ms_mean,6,3.011062993601093
gep17,00,2023-11-27,2023-12-04,gcrew,noaa_gefs,17,AirTemp_C_mean,7,10.208066558837913
gep17,00,2023-11-27,2023-12-04,gcrew,noaa_gefs,17,RH_percent_mean,7,69.40479469299316
gep17,00,2023-11-27,2023-12-04,gcrew,noaa_gefs,17,Rain_mm_sum,7,0.10000000149011612
gep17,00,2023-11-27,2023-12-04,gcrew,noaa_gefs,17,ShortwaveRadiation_Wm2,7,83.75
gep17,00,2023-11-27,2023-12-04,gcrew,noaa_gefs,17,WindSpeed_ms_mean,7,4.650060705382802
gep17,00,2023-11-27,2023-12-05,gcrew,noaa_gefs,17,AirTemp_C_mean,8,7.09925231933596
gep17,00,2023-11-27,2023-12-05,gcrew,noaa_gefs,17,RH_percent_mean,8,59.26151514053345
gep17,00,2023-11-27,2023-12-05,gcrew,noaa_gefs,17,Rain_mm_sum,8,0
gep17,00,2023-11-27,2023-12-05,gcrew,noaa_gefs,17,ShortwaveRadiation_Wm2,8,90
gep17,00,2023-11-27,2023-12-05,gcrew,noaa_gefs,17,WindSpeed_ms_mean,8,4.769365907420658
gep17,00,2023-11-27,2023-12-06,gcrew,noaa_gefs,17,AirTemp_C_mean,9,5.801030731201195
gep17,00,2023-11-27,2023-12-06,gcrew,noaa_gefs,17,RH_percent_mean,9,66.42868709564209
gep17,00,2023-11-27,2023-12-06,gcrew,noaa_gefs,17,Rain_mm_sum,9,0.10000000149011612
gep17,00,2023-11-27,2023-12-06,gcrew,noaa_gefs,17,ShortwaveRadiation_Wm2,9,73.75
gep17,00,2023-11-27,2023-12-06,gcrew,noaa_gefs,17,WindSpeed_ms_mean,9,5.121497430910974
gep17,00,2023-11-27,2023-12-07,gcrew,noaa_gefs,17,AirTemp_C_mean,10,4.628167724609398
gep17,00,2023-11-27,2023-12-07,gcrew,noaa_gefs,17,RH_percent_mean,10,60.15670585632324
gep17,00,2023-11-27,2023-12-07,gcrew,noaa_gefs,17,Rain_mm_sum,10,0.10000000149011612
gep17,00,2023-11-27,2023-12-07,gcrew,noaa_gefs,17,ShortwaveRadiation_Wm2,10,80
gep17,00,2023-11-27,2023-12-07,gcrew,noaa_gefs,17,WindSpeed_ms_mean,10,6.409377329262826
gep17,00,2023-11-27,2023-12-08,gcrew,noaa_gefs,17,AirTemp_C_mean,11,7.60364685058596
gep17,00,2023-11-27,2023-12-08,gcrew,noaa_gefs,17,RH_percent_mean,11,60.32244300842285
gep17,00,2023-11-27,2023-12-08,gcrew,noaa_gefs,17,Rain_mm_sum,11,0
gep17,00,2023-11-27,2023-12-08,gcrew,noaa_gefs,17,ShortwaveRadiation_Wm2,11,85
gep17,00,2023-11-27,2023-12-08,gcrew,noaa_gefs,17,WindSpeed_ms_mean,11,2.9631373493483464
gep17,00,2023-11-27,2023-12-09,gcrew,noaa_gefs,17,AirTemp_C_mean,12,9.189378356933616
gep17,00,2023-11-27,2023-12-09,gcrew,noaa_gefs,17,RH_percent_mean,12,70.98326873779297
gep17,00,2023-11-27,2023-12-09,gcrew,noaa_gefs,17,Rain_mm_sum,12,0
gep17,00,2023-11-27,2023-12-09,gcrew,noaa_gefs,17,ShortwaveRadiation_Wm2,12,92.5
gep17,00,2023-11-27,2023-12-09,gcrew,noaa_gefs,17,WindSpeed_ms_mean,12,4.254736907169081
gep17,00,2023-11-27,2023-12-10,gcrew,noaa_gefs,17,AirTemp_C_mean,13,12.441644287109398
gep17,00,2023-11-27,2023-12-10,gcrew,noaa_gefs,17,RH_percent_mean,13,82.82262802124023
gep17,00,2023-11-27,2023-12-10,gcrew,noaa_gefs,17,Rain_mm_sum,13,0.800000011920929
gep17,00,2023-11-27,2023-12-10,gcrew,noaa_gefs,17,ShortwaveRadiation_Wm2,13,52.5
gep17,00,2023-11-27,2023-12-10,gcrew,noaa_gefs,17,WindSpeed_ms_mean,13,7.214954621995648
gep17,00,2023-11-27,2023-12-11,gcrew,noaa_gefs,17,AirTemp_C_mean,14,8.196138000488304
gep17,00,2023-11-27,2023-12-11,gcrew,noaa_gefs,17,RH_percent_mean,14,67.96190357208252
gep17,00,2023-11-27,2023-12-11,gcrew,noaa_gefs,17,Rain_mm_sum,14,36.89999961853027
gep17,00,2023-11-27,2023-12-11,gcrew,noaa_gefs,17,ShortwaveRadiation_Wm2,14,77.5
gep17,00,2023-11-27,2023-12-11,gcrew,noaa_gefs,17,WindSpeed_ms_mean,14,9.841349318979457
gep17,00,2023-11-27,2023-12-12,gcrew,noaa_gefs,17,AirTemp_C_mean,15,4.513063049316429
gep17,00,2023-11-27,2023-12-12,gcrew,noaa_gefs,17,RH_percent_mean,15,51.38350963592529
gep17,00,2023-11-27,2023-12-12,gcrew,noaa_gefs,17,Rain_mm_sum,15,0
gep17,00,2023-11-27,2023-12-12,gcrew,noaa_gefs,17,ShortwaveRadiation_Wm2,15,115
gep17,00,2023-11-27,2023-12-12,gcrew,noaa_gefs,17,WindSpeed_ms_mean,15,6.445321660564322
gep17,00,2023-11-27,2023-12-13,gcrew,noaa_gefs,17,AirTemp_C_mean,16,6.0189071655273665
gep17,00,2023-11-27,2023-12-13,gcrew,noaa_gefs,17,RH_percent_mean,16,54.307085037231445
gep17,00,2023-11-27,2023-12-13,gcrew,noaa_gefs,17,Rain_mm_sum,16,0
gep17,00,2023-11-27,2023-12-13,gcrew,noaa_gefs,17,ShortwaveRadiation_Wm2,16,95
gep17,00,2023-11-27,2023-12-13,gcrew,noaa_gefs,17,WindSpeed_ms_mean,16,4.919506652192801
gep17,00,2023-11-27,2023-12-14,gcrew,noaa_gefs,17,AirTemp_C_mean,17,1.9536911010742415
gep17,00,2023-11-27,2023-12-14,gcrew,noaa_gefs,17,RH_percent_mean,17,54.30481147766113
gep17,00,2023-11-27,2023-12-14,gcrew,noaa_gefs,17,Rain_mm_sum,17,0
gep17,00,2023-11-27,2023-12-14,gcrew,noaa_gefs,17,ShortwaveRadiation_Wm2,17,102.5
gep17,00,2023-11-27,2023-12-14,gcrew,noaa_gefs,17,WindSpeed_ms_mean,17,6.970441376959462
gep17,00,2023-11-27,2023-12-15,gcrew,noaa_gefs,17,AirTemp_C_mean,18,4.5534530639648665
gep17,00,2023-11-27,2023-12-15,gcrew,noaa_gefs,17,RH_percent_mean,18,48.15119743347168
gep17,00,2023-11-27,2023-12-15,gcrew,noaa_gefs,17,Rain_mm_sum,18,0
gep17,00,2023-11-27,2023-12-15,gcrew,noaa_gefs,17,ShortwaveRadiation_Wm2,18,110
gep17,00,2023-11-27,2023-12-15,gcrew,noaa_gefs,17,WindSpeed_ms_mean,18,6.043071901033547
gep17,00,2023-11-27,2023-12-16,gcrew,noaa_gefs,17,AirTemp_C_mean,19,7.143457031250023
gep17,00,2023-11-27,2023-12-16,gcrew,noaa_gefs,17,RH_percent_mean,19,52.20172309875488
gep17,00,2023-11-27,2023-12-16,gcrew,noaa_gefs,17,Rain_mm_sum,19,0
gep17,00,2023-11-27,2023-12-16,gcrew,noaa_gefs,17,ShortwaveRadiation_Wm2,19,111.5
gep17,00,2023-11-27,2023-12-16,gcrew,noaa_gefs,17,WindSpeed_ms_mean,19,5.818199168438026
gep17,00,2023-11-27,2023-12-17,gcrew,noaa_gefs,17,AirTemp_C_mean,20,6.060304260253929
gep17,00,2023-11-27,2023-12-17,gcrew,noaa_gefs,17,RH_percent_mean,20,73.71020603179932
gep17,00,2023-11-27,2023-12-17,gcrew,noaa_gefs,17,Rain_mm_sum,20,0
gep17,00,2023-11-27,2023-12-17,gcrew,noaa_gefs,17,ShortwaveRadiation_Wm2,20,67.5
gep17,00,2023-11-27,2023-12-17,gcrew,noaa_gefs,17,WindSpeed_ms_mean,20,4.95647322638626
gep17,00,2023-11-27,2023-12-18,gcrew,noaa_gefs,17,AirTemp_C_mean,21,7.519563293457054
gep17,00,2023-11-27,2023-12-18,gcrew,noaa_gefs,17,RH_percent_mean,21,87.2380199432373
gep17,00,2023-11-27,2023-12-18,gcrew,noaa_gefs,17,Rain_mm_sum,21,14.800000309944153
gep17,00,2023-11-27,2023-12-18,gcrew,noaa_gefs,17,ShortwaveRadiation_Wm2,21,10
gep17,00,2023-11-27,2023-12-18,gcrew,noaa_gefs,17,WindSpeed_ms_mean,21,6.641896038089156
gep17,00,2023-11-27,2023-12-19,gcrew,noaa_gefs,17,AirTemp_C_mean,22,7.543115234375023
gep17,00,2023-11-27,2023-12-19,gcrew,noaa_gefs,17,RH_percent_mean,22,82.2885913848877
gep17,00,2023-11-27,2023-12-19,gcrew,noaa_gefs,17,Rain_mm_sum,22,7.600000008940697
gep17,00,2023-11-27,2023-12-19,gcrew,noaa_gefs,17,ShortwaveRadiation_Wm2,22,42.5
gep17,00,2023-11-27,2023-12-19,gcrew,noaa_gefs,17,WindSpeed_ms_mean,22,5.825227171579426
gep17,00,2023-11-27,2023-12-20,gcrew,noaa_gefs,17,AirTemp_C_mean,23,8.987573242187523
gep17,00,2023-11-27,2023-12-20,gcrew,noaa_gefs,17,RH_percent_mean,23,80.18497467041016
gep17,00,2023-11-27,2023-12-20,gcrew,noaa_gefs,17,Rain_mm_sum,23,0.30000000447034836
gep17,00,2023-11-27,2023-12-20,gcrew,noaa_gefs,17,ShortwaveRadiation_Wm2,23,42.5
gep17,00,2023-11-27,2023-12-20,gcrew,noaa_gefs,17,WindSpeed_ms_mean,23,4.078718289512819
gep17,00,2023-11-27,2023-12-21,gcrew,noaa_gefs,17,AirTemp_C_mean,24,8.525712585449241
gep17,00,2023-11-27,2023-12-21,gcrew,noaa_gefs,17,RH_percent_mean,24,76.58914756774902
gep17,00,2023-11-27,2023-12-21,gcrew,noaa_gefs,17,Rain_mm_sum,24,36.49999952316284
gep17,00,2023-11-27,2023-12-21,gcrew,noaa_gefs,17,ShortwaveRadiation_Wm2,24,75
gep17,00,2023-11-27,2023-12-21,gcrew,noaa_gefs,17,WindSpeed_ms_mean,24,11.62732320451973
gep17,00,2023-11-27,2023-12-22,gcrew,noaa_gefs,17,AirTemp_C_mean,25,6.965997314453148
gep17,00,2023-11-27,2023-12-22,gcrew,noaa_gefs,17,RH_percent_mean,25,62.65604782104492
gep17,00,2023-11-27,2023-12-22,gcrew,noaa_gefs,17,Rain_mm_sum,25,0
gep17,00,2023-11-27,2023-12-22,gcrew,noaa_gefs,17,ShortwaveRadiation_Wm2,25,110
gep17,00,2023-11-27,2023-12-22,gcrew,noaa_gefs,17,WindSpeed_ms_mean,25,8.727689670673977
gep17,00,2023-11-27,2023-12-23,gcrew,noaa_gefs,17,AirTemp_C_mean,26,6.719461059570335
gep17,00,2023-11-27,2023-12-23,gcrew,noaa_gefs,17,RH_percent_mean,26,62.82187747955322
gep17,00,2023-11-27,2023-12-23,gcrew,noaa_gefs,17,Rain_mm_sum,26,0
gep17,00,2023-11-27,2023-12-23,gcrew,noaa_gefs,17,ShortwaveRadiation_Wm2,26,87.5
gep17,00,2023-11-27,2023-12-23,gcrew,noaa_gefs,17,WindSpeed_ms_mean,26,2.369054386272265
gep17,00,2023-11-27,2023-12-24,gcrew,noaa_gefs,17,AirTemp_C_mean,27,5.3032699584961165
gep17,00,2023-11-27,2023-12-24,gcrew,noaa_gefs,17,RH_percent_mean,27,81.36386299133301
gep17,00,2023-11-27,2023-12-24,gcrew,noaa_gefs,17,Rain_mm_sum,27,28.30000114440918
gep17,00,2023-11-27,2023-12-24,gcrew,noaa_gefs,17,ShortwaveRadiation_Wm2,27,57.5
gep17,00,2023-11-27,2023-12-24,gcrew,noaa_gefs,17,WindSpeed_ms_mean,27,4.459078748032569
gep17,00,2023-11-27,2023-12-25,gcrew,noaa_gefs,17,AirTemp_C_mean,28,5.13581237792971
gep17,00,2023-11-27,2023-12-25,gcrew,noaa_gefs,17,RH_percent_mean,28,81.22675704956055
gep17,00,2023-11-27,2023-12-25,gcrew,noaa_gefs,17,Rain_mm_sum,28,1.4999999776482582
gep17,00,2023-11-27,2023-12-25,gcrew,noaa_gefs,17,ShortwaveRadiation_Wm2,28,35
gep17,00,2023-11-27,2023-12-25,gcrew,noaa_gefs,17,WindSpeed_ms_mean,28,4.003474868197337
gep17,00,2023-11-27,2023-12-26,gcrew,noaa_gefs,17,AirTemp_C_mean,29,4.564202880859398
gep17,00,2023-11-27,2023-12-26,gcrew,noaa_gefs,17,RH_percent_mean,29,65.44478416442871
gep17,00,2023-11-27,2023-12-26,gcrew,noaa_gefs,17,Rain_mm_sum,29,0.6000000238418579
gep17,00,2023-11-27,2023-12-26,gcrew,noaa_gefs,17,ShortwaveRadiation_Wm2,29,95
gep17,00,2023-11-27,2023-12-26,gcrew,noaa_gefs,17,WindSpeed_ms_mean,29,4.794088178148612
gep17,00,2023-11-27,2023-12-27,gcrew,noaa_gefs,17,AirTemp_C_mean,30,2.5684982299804915
gep17,00,2023-11-27,2023-12-27,gcrew,noaa_gefs,17,RH_percent_mean,30,61.19670581817627
gep17,00,2023-11-27,2023-12-27,gcrew,noaa_gefs,17,Rain_mm_sum,30,0.20000000298023224
gep17,00,2023-11-27,2023-12-27,gcrew,noaa_gefs,17,ShortwaveRadiation_Wm2,30,103
gep17,00,2023-11-27,2023-12-27,gcrew,noaa_gefs,17,WindSpeed_ms_mean,30,7.929123668297478
gep17,00,2023-11-27,2023-12-28,gcrew,noaa_gefs,17,AirTemp_C_mean,31,0.24892578125002274
gep17,00,2023-11-27,2023-12-28,gcrew,noaa_gefs,17,RH_percent_mean,31,54.894179344177246
gep17,00,2023-11-27,2023-12-28,gcrew,noaa_gefs,17,Rain_mm_sum,31,0
gep17,00,2023-11-27,2023-12-28,gcrew,noaa_gefs,17,ShortwaveRadiation_Wm2,31,107.5
gep17,00,2023-11-27,2023-12-28,gcrew,noaa_gefs,17,WindSpeed_ms_mean,31,8.369389072984506
gep17,00,2023-11-27,2023-12-29,gcrew,noaa_gefs,17,AirTemp_C_mean,32,2.135316467285179
gep17,00,2023-11-27,2023-12-29,gcrew,noaa_gefs,17,RH_percent_mean,32,49.380462646484375
gep17,00,2023-11-27,2023-12-29,gcrew,noaa_gefs,17,Rain_mm_sum,32,0
gep17,00,2023-11-27,2023-12-29,gcrew,noaa_gefs,17,ShortwaveRadiation_Wm2,32,100
gep17,00,2023-11-27,2023-12-29,gcrew,noaa_gefs,17,WindSpeed_ms_mean,32,4.864784430286628
gep17,00,2023-11-27,2023-12-30,gcrew,noaa_gefs,17,AirTemp_C_mean,33,2.2571350097656477
gep17,00,2023-11-27,2023-12-30,gcrew,noaa_gefs,17,RH_percent_mean,33,58.125136375427246
gep17,00,2023-11-27,2023-12-30,gcrew,noaa_gefs,17,Rain_mm_sum,33,0
gep17,00,2023-11-27,2023-12-30,gcrew,noaa_gefs,17,ShortwaveRadiation_Wm2,33,105
gep17,00,2023-11-27,2023-12-30,gcrew,noaa_gefs,17,WindSpeed_ms_mean,33,8.121758892113014
gep17,00,2023-11-27,2023-12-31,gcrew,noaa_gefs,17,AirTemp_C_mean,34,0.35221252441408524
gep17,00,2023-11-27,2023-12-31,gcrew,noaa_gefs,17,RH_percent_mean,34,59.313002586364746
gep17,00,2023-11-27,2023-12-31,gcrew,noaa_gefs,17,Rain_mm_sum,34,0
gep17,00,2023-11-27,2023-12-31,gcrew,noaa_gefs,17,ShortwaveRadiation_Wm2,34,110
gep17,00,2023-11-27,2023-12-31,gcrew,noaa_gefs,17,WindSpeed_ms_mean,34,7.684706090714355
gep17,00,2023-11-27,2024-01-01,gcrew,noaa_gefs,17,AirTemp_C_mean,35,0.9818664550781477
gep17,00,2023-11-27,2024-01-01,gcrew,noaa_gefs,17,RH_percent_mean,35,55.25293731689453
gep17,00,2023-11-27,2024-01-01,gcrew,noaa_gefs,17,Rain_mm_sum,35,0
gep17,00,2023-11-27,2024-01-01,gcrew,noaa_gefs,17,ShortwaveRadiation_Wm2,35,150
gep17,00,2023-11-27,2024-01-01,gcrew,noaa_gefs,17,WindSpeed_ms_mean,35,5.577020295958797
gep18,00,2023-11-27,2023-11-27,gcrew,noaa_gefs,18,AirTemp_C_mean,0,7.930160958426362
gep18,00,2023-11-27,2023-11-27,gcrew,noaa_gefs,18,RH_percent_mean,0,65.77873774937221
gep18,00,2023-11-27,2023-11-27,gcrew,noaa_gefs,18,Rain_mm_sum,0,1.409999966621399
gep18,00,2023-11-27,2023-11-27,gcrew,noaa_gefs,18,ShortwaveRadiation_Wm2,0,120
gep18,00,2023-11-27,2023-11-27,gcrew,noaa_gefs,18,WindSpeed_ms_mean,0,6.98831636820665
gep18,00,2023-11-27,2023-11-28,gcrew,noaa_gefs,18,AirTemp_C_mean,1,3.143903350830101
gep18,00,2023-11-27,2023-11-28,gcrew,noaa_gefs,18,RH_percent_mean,1,51.75671911239624
gep18,00,2023-11-27,2023-11-28,gcrew,noaa_gefs,18,Rain_mm_sum,1,0
gep18,00,2023-11-27,2023-11-28,gcrew,noaa_gefs,18,ShortwaveRadiation_Wm2,1,117.25
gep18,00,2023-11-27,2023-11-28,gcrew,noaa_gefs,18,WindSpeed_ms_mean,1,8.719262777459525
gep18,00,2023-11-27,2023-11-29,gcrew,noaa_gefs,18,AirTemp_C_mean,2,0.5654579162597884
gep18,00,2023-11-27,2023-11-29,gcrew,noaa_gefs,18,RH_percent_mean,2,45.022233963012695
gep18,00,2023-11-27,2023-11-29,gcrew,noaa_gefs,18,Rain_mm_sum,2,0
gep18,00,2023-11-27,2023-11-29,gcrew,noaa_gefs,18,ShortwaveRadiation_Wm2,2,123.75
gep18,00,2023-11-27,2023-11-29,gcrew,noaa_gefs,18,WindSpeed_ms_mean,2,6.168336011919848
gep18,00,2023-11-27,2023-11-30,gcrew,noaa_gefs,18,AirTemp_C_mean,3,5.442548370361351
gep18,00,2023-11-27,2023-11-30,gcrew,noaa_gefs,18,RH_percent_mean,3,51.092037200927734
gep18,00,2023-11-27,2023-11-30,gcrew,noaa_gefs,18,Rain_mm_sum,3,0
gep18,00,2023-11-27,2023-11-30,gcrew,noaa_gefs,18,ShortwaveRadiation_Wm2,3,115
gep18,00,2023-11-27,2023-11-30,gcrew,noaa_gefs,18,WindSpeed_ms_mean,3,4.647622723424587
gep18,00,2023-11-27,2023-12-01,gcrew,noaa_gefs,18,AirTemp_C_mean,4,9.021810150146507
gep18,00,2023-11-27,2023-12-01,gcrew,noaa_gefs,18,RH_percent_mean,4,66.71106433868408
gep18,00,2023-11-27,2023-12-01,gcrew,noaa_gefs,18,Rain_mm_sum,4,0.9099999666213989
gep18,00,2023-11-27,2023-12-01,gcrew,noaa_gefs,18,ShortwaveRadiation_Wm2,4,56.25
gep18,00,2023-11-27,2023-12-01,gcrew,noaa_gefs,18,WindSpeed_ms_mean,4,5.704241102456863
gep18,00,2023-11-27,2023-12-02,gcrew,noaa_gefs,18,AirTemp_C_mean,5,11.22754821777346
gep18,00,2023-11-27,2023-12-02,gcrew,noaa_gefs,18,RH_percent_mean,5,89.3065881729126
gep18,00,2023-11-27,2023-12-02,gcrew,noaa_gefs,18,Rain_mm_sum,5,2.1299999933689833
gep18,00,2023-11-27,2023-12-02,gcrew,noaa_gefs,18,ShortwaveRadiation_Wm2,5,68.75
gep18,00,2023-11-27,2023-12-02,gcrew,noaa_gefs,18,WindSpeed_ms_mean,5,3.257810854788391
gep18,00,2023-11-27,2023-12-03,gcrew,noaa_gefs,18,AirTemp_C_mean,6,11.987805938720726
gep18,00,2023-11-27,2023-12-03,gcrew,noaa_gefs,18,RH_percent_mean,6,95.10680103302002
gep18,00,2023-11-27,2023-12-03,gcrew,noaa_gefs,18,Rain_mm_sum,6,40.17000102996826
gep18,00,2023-11-27,2023-12-03,gcrew,noaa_gefs,18,ShortwaveRadiation_Wm2,6,25
gep18,00,2023-11-27,2023-12-03,gcrew,noaa_gefs,18,WindSpeed_ms_mean,6,3.011062993601093
gep18,00,2023-11-27,2023-12-04,gcrew,noaa_gefs,18,AirTemp_C_mean,7,10.208066558837913
gep18,00,2023-11-27,2023-12-04,gcrew,noaa_gefs,18,RH_percent_mean,7,69.40479469299316
gep18,00,2023-11-27,2023-12-04,gcrew,noaa_gefs,18,Rain_mm_sum,7,0.10000000149011612
gep18,00,2023-11-27,2023-12-04,gcrew,noaa_gefs,18,ShortwaveRadiation_Wm2,7,83.75
gep18,00,2023-11-27,2023-12-04,gcrew,noaa_gefs,18,WindSpeed_ms_mean,7,4.650060705382802
gep18,00,2023-11-27,2023-12-05,gcrew,noaa_gefs,18,AirTemp_C_mean,8,7.09925231933596
gep18,00,2023-11-27,2023-12-05,gcrew,noaa_gefs,18,RH_percent_mean,8,59.26151514053345
gep18,00,2023-11-27,2023-12-05,gcrew,noaa_gefs,18,Rain_mm_sum,8,0
gep18,00,2023-11-27,2023-12-05,gcrew,noaa_gefs,18,ShortwaveRadiation_Wm2,8,90
gep18,00,2023-11-27,2023-12-05,gcrew,noaa_gefs,18,WindSpeed_ms_mean,8,4.769365907420658
gep18,00,2023-11-27,2023-12-06,gcrew,noaa_gefs,18,AirTemp_C_mean,9,5.801030731201195
gep18,00,2023-11-27,2023-12-06,gcrew,noaa_gefs,18,RH_percent_mean,9,66.42868709564209
gep18,00,2023-11-27,2023-12-06,gcrew,noaa_gefs,18,Rain_mm_sum,9,0.10000000149011612
gep18,00,2023-11-27,2023-12-06,gcrew,noaa_gefs,18,ShortwaveRadiation_Wm2,9,73.75
gep18,00,2023-11-27,2023-12-06,gcrew,noaa_gefs,18,WindSpeed_ms_mean,9,5.121497430910974
gep18,00,2023-11-27,2023-12-07,gcrew,noaa_gefs,18,AirTemp_C_mean,10,4.628167724609398
gep18,00,2023-11-27,2023-12-07,gcrew,noaa_gefs,18,RH_percent_mean,10,60.15670585632324
gep18,00,2023-11-27,2023-12-07,gcrew,noaa_gefs,18,Rain_mm_sum,10,0.10000000149011612
gep18,00,2023-11-27,2023-12-07,gcrew,noaa_gefs,18,ShortwaveRadiation_Wm2,10,80
gep18,00,2023-11-27,2023-12-07,gcrew,noaa_gefs,18,WindSpeed_ms_mean,10,6.409377329262826
gep18,00,2023-11-27,2023-12-08,gcrew,noaa_gefs,18,AirTemp_C_mean,11,7.60364685058596
gep18,00,2023-11-27,2023-12-08,gcrew,noaa_gefs,18,RH_percent_mean,11,60.32244300842285
gep18,00,2023-11-27,2023-12-08,gcrew,noaa_gefs,18,Rain_mm_sum,11,0
gep18,00,2023-11-27,2023-12-08,gcrew,noaa_gefs,18,ShortwaveRadiation_Wm2,11,85
gep18,00,2023-11-27,2023-12-08,gcrew,noaa_gefs,18,WindSpeed_ms_mean,11,2.9631373493483464
gep18,00,2023-11-27,2023-12-09,gcrew,noaa_gefs,18,AirTemp_C_mean,12,9.189378356933616
gep18,00,2023-11-27,2023-12-09,gcrew,noaa_gefs,18,RH_percent_mean,12,70.98326873779297
gep18,00,2023-11-27,2023-12-09,gcrew,noaa_gefs,18,Rain_mm_sum,12,0
gep18,00,2023-11-27,2023-12-09,gcrew,noaa_gefs,18,ShortwaveRadiation_Wm2,12,92.5
gep18,00,2023-11-27,2023-12-09,gcrew,noaa_gefs,18,WindSpeed_ms_mean,12,4.254736907169081
gep18,00,2023-11-27,2023-12-10,gcrew,noaa_gefs,18,AirTemp_C_mean,13,12.441644287109398
gep18,00,2023-11-27,2023-12-10,gcrew,noaa_gefs,18,RH_percent_mean,13,82.82262802124023
gep18,00,2023-11-27,2023-12-10,gcrew,noaa_gefs,18,Rain_mm_sum,13,0.800000011920929
gep18,00,2023-11-27,2023-12-10,gcrew,noaa_gefs,18,ShortwaveRadiation_Wm2,13,52.5
gep18,00,2023-11-27,2023-12-10,gcrew,noaa_gefs,18,WindSpeed_ms_mean,13,7.214954621995648
gep18,00,2023-11-27,2023-12-11,gcrew,noaa_gefs,18,AirTemp_C_mean,14,8.196138000488304
gep18,00,2023-11-27,2023-12-11,gcrew,noaa_gefs,18,RH_percent_mean,14,67.96190357208252
gep18,00,2023-11-27,2023-12-11,gcrew,noaa_gefs,18,Rain_mm_sum,14,36.89999961853027
gep18,00,2023-11-27,2023-12-11,gcrew,noaa_gefs,18,ShortwaveRadiation_Wm2,14,77.5
gep18,00,2023-11-27,2023-12-11,gcrew,noaa_gefs,18,WindSpeed_ms_mean,14,9.841349318979457
gep18,00,2023-11-27,2023-12-12,gcrew,noaa_gefs,18,AirTemp_C_mean,15,4.513063049316429
gep18,00,2023-11-27,2023-12-12,gcrew,noaa_gefs,18,RH_percent_mean,15,51.38350963592529
gep18,00,2023-11-27,2023-12-12,gcrew,noaa_gefs,18,Rain_mm_sum,15,0
gep18,00,2023-11-27,2023-12-12,gcrew,noaa_gefs,18,ShortwaveRadiation_Wm2,15,115
gep18,00,2023-11-27,2023-12-12,gcrew,noaa_gefs,18,WindSpeed_ms_mean,15,6.445321660564322
gep18,00,2023-11-27,2023-12-13,gcrew,noaa_gefs,18,AirTemp_C_mean,16,6.0189071655273665
gep18,00,2023-11-27,2023-12-13,gcrew,noaa_gefs,18,RH_percent_mean,16,54.307085037231445
gep18,00,2023-11-27,2023-12-13,gcrew,noaa_gefs,18,Rain_mm_sum,16,0
gep18,00,2023-11-27,2023-12-13,gcrew,noaa_gefs,18,ShortwaveRadiation_Wm2,16,95
gep18,00,2023-11-27,2023-12-13,gcrew,noaa_gefs,18,WindSpeed_ms_mean,16,4.919506652192801
gep18,00,2023-11-27,2023-12-14,gcrew,noaa_gefs,18,AirTemp_C_mean,17,1.9536911010742415
gep18,00,2023-11-27,2023-12-14,gcrew,noaa_gefs,18,RH_percent_mean,17,54.30481147766113
gep18,00,2023-11-27,2023-12-14,gcrew,noaa_gefs,18,Rain_mm_sum,17,0
gep18,00,2023-11-27,2023-12-14,gcrew,noaa_gefs,18,ShortwaveRadiation_Wm2,17,102.5
gep18,00,2023-11-27,2023-12-14,gcrew,noaa_gefs,18,WindSpeed_ms_mean,17,6.970441376959462
gep18,00,2023-11-27,2023-12-15,gcrew,noaa_gefs,18,AirTemp_C_mean,18,4.5534530639648665
gep18,00,2023-11-27,2023-12-15,gcrew,noaa_gefs,18,RH_percent_mean,18,48.15119743347168
gep18,00,2023-11-27,2023-12-15,gcrew,noaa_gefs,18,Rain_mm_sum,18,0
gep18,00,2023-11-27,2023-12-15,gcrew,noaa_gefs,18,ShortwaveRadiation_Wm2,18,110
gep18,00,2023-11-27,2023-12-15,gcrew,noaa_gefs,18,WindSpeed_ms_mean,18,6.043071901033547
gep18,00,2023-11-27,2023-12-16,gcrew,noaa_gefs,18,AirTemp_C_mean,19,7.143457031250023
gep18,00,2023-11-27,2023-12-16,gcrew,noaa_gefs,18,RH_percent_mean,19,52.20172309875488
gep18,00,2023-11-27,2023-12-16,gcrew,noaa_gefs,18,Rain_mm_sum,19,0
gep18,00,2023-11-27,2023-12-16,gcrew,noaa_gefs,18,ShortwaveRadiation_Wm2,19,111.5
gep18,00,2023-11-27,2023-12-16,gcrew,noaa_gefs,18,WindSpeed_ms_mean,19,5.818199168438026
gep18,00,2023-11-27,2023-12-17,gcrew,noaa_gefs,18,AirTemp_C_mean,20,6.060304260253929
gep18,00,2023-11-27,2023-12-17,gcrew,noaa_gefs,18,RH_percent_mean,20,73.71020603179932
gep18,00,2023-11-27,2023-12-17,gcrew,noaa_gefs,18,Rain_mm_sum,20,0
gep18,00,2023-11-27,2023-12-17,gcrew,noaa_gefs,18,ShortwaveRadiation_Wm2,20,67.5
gep18,00,2023-11-27,2023-12-17,gcrew,noaa_gefs,18,WindSpeed_ms_mean,20,4.95647322638626
gep18,00,2023-11-27,2023-12-18,gcrew,noaa_gefs,18,AirTemp_C_mean,21,7.519563293457054
gep18,00,2023-11-27,2023-12-18,gcrew,noaa_gefs,18,RH_percent_mean,21,87.2380199432373
gep18,00,2023-11-27,2023-12-18,gcrew,noaa_gefs,18,Rain_mm_sum,21,14.800000309944153
gep18,00,2023-11-27,2023-12-18,gcrew,noaa_gefs,18,ShortwaveRadiation_Wm2,21,10
gep18,00,2023-11-27,2023-12-18,gcrew,noaa_gefs,18,WindSpeed_ms_mean,21,6.641896038089156
gep18,00,2023-11-27,2023-12-19,gcrew,noaa_gefs,18,AirTemp_C_mean,22,7.543115234375023
gep18,00,2023-11-27,2023-12-19,gcrew,noaa_gefs,18,RH_percent_mean,22,82.2885913848877
gep18,00,2023-11-27,2023-12-19,gcrew,noaa_gefs,18,Rain_mm_sum,22,7.600000008940697
gep18,00,2023-11-27,2023-12-19,gcrew,noaa_gefs,18,ShortwaveRadiation_Wm2,22,42.5
gep18,00,2023-11-27,2023-12-19,gcrew,noaa_gefs,18,WindSpeed_ms_mean,22,5.825227171579426
gep18,00,2023-11-27,2023-12-20,gcrew,noaa_gefs,18,AirTemp_C_mean,23,8.987573242187523
gep18,00,2023-11-27,2023-12-20,gcrew,noaa_gefs,18,RH_percent_mean,23,80.18497467041016
gep18,00,2023-11-27,2023-12-20,gcrew,noaa_gefs,18,Rain_mm_sum,23,0.30000000447034836
gep18,00,2023-11-27,2023-12-20,gcrew,noaa_gefs,18,ShortwaveRadiation_Wm2,23,42.5
gep18,00,2023-11-27,2023-12-20,gcrew,noaa_gefs,18,WindSpeed_ms_mean,23,4.078718289512819
gep18,00,2023-11-27,2023-12-21,gcrew,noaa_gefs,18,AirTemp_C_mean,24,8.525712585449241
gep18,00,2023-11-27,2023-12-21,gcrew,noaa_gefs,18,RH_percent_mean,24,76.58914756774902
gep18,00,2023-11-27,2023-12-21,gcrew,noaa_gefs,18,Rain_mm_sum,24,36.49999952316284
gep18,00,2023-11-27,2023-12-21,gcrew,noaa_gefs,18,ShortwaveRadiation_Wm2,24,75
gep18,00,2023-11-27,2023-12-21,gcrew,noaa_gefs,18,WindSpeed_ms_mean,24,11.62732320451973
gep18,00,2023-11-27,2023-12-22,gcrew,noaa_gefs,18,AirTemp_C_mean,25,6.965997314453148
gep18,00,2023-11-27,2023-12-22,gcrew,noaa_gefs,18,RH_percent_mean,25,62.65604782104492
gep18,00,2023-11-27,2023-12-22,gcrew,noaa_gefs,18,Rain_mm_sum,25,0
gep18,00,2023-11-27,2023-12-22,gcrew,noaa_gefs,18,ShortwaveRadiation_Wm2,25,110
gep18,00,2023-11-27,2023-12-22,gcrew,noaa_gefs,18,WindSpeed_ms_mean,25,8.727689670673977
gep18,00,2023-11-27,2023-12-23,gcrew,noaa_gefs,18,AirTemp_C_mean,26,6.719461059570335
gep18,00,2023-11-27,2023-12-23,gcrew,noaa_gefs,18,RH_percent_mean,26,62.82187747955322
gep18,00,2023-11-27,2023-12-23,gcrew,noaa_gefs,18,Rain_mm_sum,26,0
gep18,00,2023-11-27,2023-12-23,gcrew,noaa_gefs,18,ShortwaveRadiation_Wm2,26,87.5
gep18,00,2023-11-27,2023-12-23,gcrew,noaa_gefs,18,WindSpeed_ms_mean,26,2.369054386272265
gep18,00,2023-11-27,2023-12-24,gcrew,noaa_gefs,18,AirTemp_C_mean,27,5.3032699584961165
gep18,00,2023-11-27,2023-12-24,gcrew,noaa_gefs,18,RH_percent_mean,27,81.36386299133301
gep18,00,2023-11-27,2023-12-24,gcrew,noaa_gefs,18,Rain_mm_sum,27,28.30000114440918
gep18,00,2023-11-27,2023-12-24,gcrew,noaa_gefs,18,ShortwaveRadiation_Wm2,27,57.5
gep18,00,2023-11-27,2023-12-24,gcrew,noaa_gefs,18,WindSpeed_ms_mean,27,4.459078748032569
gep18,00,2023-11-27,2023-12-25,gcrew,noaa_gefs,18,AirTemp_C_mean,28,5.13581237792971
gep18,00,2023-11-27,2023-12-25,gcrew,noaa_gefs,18,RH_percent_mean,28,81.22675704956055
gep18,00,2023-11-27,2023-12-25,gcrew,noaa_gefs,18,Rain_mm_sum,28,1.4999999776482582
gep18,00,2023-11-27,2023-12-25,gcrew,noaa_gefs,18,ShortwaveRadiation_Wm2,28,35
gep18,00,2023-11-27,2023-12-25,gcrew,noaa_gefs,18,WindSpeed_ms_mean,28,4.003474868197337
gep18,00,2023-11-27,2023-12-26,gcrew,noaa_gefs,18,AirTemp_C_mean,29,4.564202880859398
gep18,00,2023-11-27,2023-12-26,gcrew,noaa_gefs,18,RH_percent_mean,29,65.44478416442871
gep18,00,2023-11-27,2023-12-26,gcrew,noaa_gefs,18,Rain_mm_sum,29,0.6000000238418579
gep18,00,2023-11-27,2023-12-26,gcrew,noaa_gefs,18,ShortwaveRadiation_Wm2,29,95
gep18,00,2023-11-27,2023-12-26,gcrew,noaa_gefs,18,WindSpeed_ms_mean,29,4.794088178148612
gep18,00,2023-11-27,2023-12-27,gcrew,noaa_gefs,18,AirTemp_C_mean,30,2.5684982299804915
gep18,00,2023-11-27,2023-12-27,gcrew,noaa_gefs,18,RH_percent_mean,30,61.19670581817627
gep18,00,2023-11-27,2023-12-27,gcrew,noaa_gefs,18,Rain_mm_sum,30,0.20000000298023224
gep18,00,2023-11-27,2023-12-27,gcrew,noaa_gefs,18,ShortwaveRadiation_Wm2,30,103
gep18,00,2023-11-27,2023-12-27,gcrew,noaa_gefs,18,WindSpeed_ms_mean,30,7.929123668297478
gep18,00,2023-11-27,2023-12-28,gcrew,noaa_gefs,18,AirTemp_C_mean,31,0.24892578125002274
gep18,00,2023-11-27,2023-12-28,gcrew,noaa_gefs,18,RH_percent_mean,31,54.894179344177246
gep18,00,2023-11-27,2023-12-28,gcrew,noaa_gefs,18,Rain_mm_sum,31,0
gep18,00,2023-11-27,2023-12-28,gcrew,noaa_gefs,18,ShortwaveRadiation_Wm2,31,107.5
gep18,00,2023-11-27,2023-12-28,gcrew,noaa_gefs,18,WindSpeed_ms_mean,31,8.369389072984506
gep18,00,2023-11-27,2023-12-29,gcrew,noaa_gefs,18,AirTemp_C_mean,32,2.135316467285179
gep18,00,2023-11-27,2023-12-29,gcrew,noaa_gefs,18,RH_percent_mean,32,49.380462646484375
gep18,00,2023-11-27,2023-12-29,gcrew,noaa_gefs,18,Rain_mm_sum,32,0
gep18,00,2023-11-27,2023-12-29,gcrew,noaa_gefs,18,ShortwaveRadiation_Wm2,32,100
gep18,00,2023-11-27,2023-12-29,gcrew,noaa_gefs,18,WindSpeed_ms_mean,32,4.864784430286628
gep18,00,2023-11-27,2023-12-30,gcrew,noaa_gefs,18,AirTemp_C_mean,33,2.2571350097656477
gep18,00,2023-11-27,2023-12-30,gcrew,noaa_gefs,18,RH_percent_mean,33,58.125136375427246
gep18,00,2023-11-27,2023-12-30,gcrew,noaa_gefs,18,Rain_mm_sum,33,0
gep18,00,2023-11-27,2023-12-30,gcrew,noaa_gefs,18,ShortwaveRadiation_Wm2,33,105
gep18,00,2023-11-27,2023-12-30,gcrew,noaa_gefs,18,WindSpeed_ms_mean,33,8.121758892113014
gep18,00,2023-11-27,2023-12-31,gcrew,noaa_gefs,18,AirTemp_C_mean,34,0.35221252441408524
gep18,00,2023-11-27,2023-12-31,gcrew,noaa_gefs,18,RH_percent_mean,34,59.313002586364746
gep18,00,2023-11-27,2023-12-31,gcrew,noaa_gefs,18,Rain_mm_sum,34,0
gep18,00,2023-11-27,2023-12-31,gcrew,noaa_gefs,18,ShortwaveRadiation_Wm2,34,110
gep18,00,2023-11-27,2023-12-31,gcrew,noaa_gefs,18,WindSpeed_ms_mean,34,7.684706090714355
gep18,00,2023-11-27,2024-01-01,gcrew,noaa_gefs,18,AirTemp_C_mean,35,0.9818664550781477
gep18,00,2023-11-27,2024-01-01,gcrew,noaa_gefs,18,RH_percent_mean,35,55.25293731689453
gep18,00,2023-11-27,2024-01-01,gcrew,noaa_gefs,18,Rain_mm_sum,35,0
gep18,00,2023-11-27,2024-01-01,gcrew,noaa_gefs,18,ShortwaveRadiation_Wm2,35,150
gep18,00,2023-11-27,2024-01-01,gcrew,noaa_gefs,18,WindSpeed_ms_mean,35,5.577020295958797
gep19,00,2023-11-27,2023-11-27,gcrew,noaa_gefs,19,AirTemp_C_mean,0,7.930160958426362
gep19,00,2023-11-27,2023-11-27,gcrew,noaa_gefs,19,RH_percent_mean,0,65.77873774937221
gep19,00,2023-11-27,2023-11-27,gcrew,noaa_gefs,19,Rain_mm_sum,0,1.409999966621399
gep19,00,2023-11-27,2023-11-27,gcrew,noaa_gefs,19,ShortwaveRadiation_Wm2,0,120
gep19,00,2023-11-27,2023-11-27,gcrew,noaa_gefs,19,WindSpeed_ms_mean,0,6.98831636820665
gep19,00,2023-11-27,2023-11-28,gcrew,noaa_gefs,19,AirTemp_C_mean,1,3.143903350830101
gep19,00,2023-11-27,2023-11-28,gcrew,noaa_gefs,19,RH_percent_mean,1,51.75671911239624
gep19,00,2023-11-27,2023-11-28,gcrew,noaa_gefs,19,Rain_mm_sum,1,0
gep19,00,2023-11-27,2023-11-28,gcrew,noaa_gefs,19,ShortwaveRadiation_Wm2,1,117.25
gep19,00,2023-11-27,2023-11-28,gcrew,noaa_gefs,19,WindSpeed_ms_mean,1,8.719262777459525
gep19,00,2023-11-27,2023-11-29,gcrew,noaa_gefs,19,AirTemp_C_mean,2,0.5654579162597884
gep19,00,2023-11-27,2023-11-29,gcrew,noaa_gefs,19,RH_percent_mean,2,45.022233963012695
gep19,00,2023-11-27,2023-11-29,gcrew,noaa_gefs,19,Rain_mm_sum,2,0
gep19,00,2023-11-27,2023-11-29,gcrew,noaa_gefs,19,ShortwaveRadiation_Wm2,2,123.75
gep19,00,2023-11-27,2023-11-29,gcrew,noaa_gefs,19,WindSpeed_ms_mean,2,6.168336011919848
gep19,00,2023-11-27,2023-11-30,gcrew,noaa_gefs,19,AirTemp_C_mean,3,5.442548370361351
gep19,00,2023-11-27,2023-11-30,gcrew,noaa_gefs,19,RH_percent_mean,3,51.092037200927734
gep19,00,2023-11-27,2023-11-30,gcrew,noaa_gefs,19,Rain_mm_sum,3,0
gep19,00,2023-11-27,2023-11-30,gcrew,noaa_gefs,19,ShortwaveRadiation_Wm2,3,115
gep19,00,2023-11-27,2023-11-30,gcrew,noaa_gefs,19,WindSpeed_ms_mean,3,4.647622723424587
gep19,00,2023-11-27,2023-12-01,gcrew,noaa_gefs,19,AirTemp_C_mean,4,9.021810150146507
gep19,00,2023-11-27,2023-12-01,gcrew,noaa_gefs,19,RH_percent_mean,4,66.71106433868408
gep19,00,2023-11-27,2023-12-01,gcrew,noaa_gefs,19,Rain_mm_sum,4,0.9099999666213989
gep19,00,2023-11-27,2023-12-01,gcrew,noaa_gefs,19,ShortwaveRadiation_Wm2,4,56.25
gep19,00,2023-11-27,2023-12-01,gcrew,noaa_gefs,19,WindSpeed_ms_mean,4,5.704241102456863
gep19,00,2023-11-27,2023-12-02,gcrew,noaa_gefs,19,AirTemp_C_mean,5,11.22754821777346
gep19,00,2023-11-27,2023-12-02,gcrew,noaa_gefs,19,RH_percent_mean,5,89.3065881729126
gep19,00,2023-11-27,2023-12-02,gcrew,noaa_gefs,19,Rain_mm_sum,5,2.1299999933689833
gep19,00,2023-11-27,2023-12-02,gcrew,noaa_gefs,19,ShortwaveRadiation_Wm2,5,68.75
gep19,00,2023-11-27,2023-12-02,gcrew,noaa_gefs,19,WindSpeed_ms_mean,5,3.257810854788391
gep19,00,2023-11-27,2023-12-03,gcrew,noaa_gefs,19,AirTemp_C_mean,6,11.987805938720726
gep19,00,2023-11-27,2023-12-03,gcrew,noaa_gefs,19,RH_percent_mean,6,95.10680103302002
gep19,00,2023-11-27,2023-12-03,gcrew,noaa_gefs,19,Rain_mm_sum,6,40.17000102996826
gep19,00,2023-11-27,2023-12-03,gcrew,noaa_gefs,19,ShortwaveRadiation_Wm2,6,25
gep19,00,2023-11-27,2023-12-03,gcrew,noaa_gefs,19,WindSpeed_ms_mean,6,3.011062993601093
gep19,00,2023-11-27,2023-12-04,gcrew,noaa_gefs,19,AirTemp_C_mean,7,10.208066558837913
gep19,00,2023-11-27,2023-12-04,gcrew,noaa_gefs,19,RH_percent_mean,7,69.40479469299316
gep19,00,2023-11-27,2023-12-04,gcrew,noaa_gefs,19,Rain_mm_sum,7,0.10000000149011612
gep19,00,2023-11-27,2023-12-04,gcrew,noaa_gefs,19,ShortwaveRadiation_Wm2,7,83.75
gep19,00,2023-11-27,2023-12-04,gcrew,noaa_gefs,19,WindSpeed_ms_mean,7,4.650060705382802
gep19,00,2023-11-27,2023-12-05,gcrew,noaa_gefs,19,AirTemp_C_mean,8,7.09925231933596
gep19,00,2023-11-27,2023-12-05,gcrew,noaa_gefs,19,RH_percent_mean,8,59.26151514053345
gep19,00,2023-11-27,2023-12-05,gcrew,noaa_gefs,19,Rain_mm_sum,8,0
gep19,00,2023-11-27,2023-12-05,gcrew,noaa_gefs,19,ShortwaveRadiation_Wm2,8,90
gep19,00,2023-11-27,2023-12-05,gcrew,noaa_gefs,19,WindSpeed_ms_mean,8,4.769365907420658
gep19,00,2023-11-27,2023-12-06,gcrew,noaa_gefs,19,AirTemp_C_mean,9,5.801030731201195
gep19,00,2023-11-27,2023-12-06,gcrew,noaa_gefs,19,RH_percent_mean,9,66.42868709564209
gep19,00,2023-11-27,2023-12-06,gcrew,noaa_gefs,19,Rain_mm_sum,9,0.10000000149011612
gep19,00,2023-11-27,2023-12-06,gcrew,noaa_gefs,19,ShortwaveRadiation_Wm2,9,73.75
gep19,00,2023-11-27,2023-12-06,gcrew,noaa_gefs,19,WindSpeed_ms_mean,9,5.121497430910974
gep19,00,2023-11-27,2023-12-07,gcrew,noaa_gefs,19,AirTemp_C_mean,10,4.628167724609398
gep19,00,2023-11-27,2023-12-07,gcrew,noaa_gefs,19,RH_percent_mean,10,60.15670585632324
gep19,00,2023-11-27,2023-12-07,gcrew,noaa_gefs,19,Rain_mm_sum,10,0.10000000149011612
gep19,00,2023-11-27,2023-12-07,gcrew,noaa_gefs,19,ShortwaveRadiation_Wm2,10,80
gep19,00,2023-11-27,2023-12-07,gcrew,noaa_gefs,19,WindSpeed_ms_mean,10,6.409377329262826
gep19,00,2023-11-27,2023-12-08,gcrew,noaa_gefs,19,AirTemp_C_mean,11,7.60364685058596
gep19,00,2023-11-27,2023-12-08,gcrew,noaa_gefs,19,RH_percent_mean,11,60.32244300842285
gep19,00,2023-11-27,2023-12-08,gcrew,noaa_gefs,19,Rain_mm_sum,11,0
gep19,00,2023-11-27,2023-12-08,gcrew,noaa_gefs,19,ShortwaveRadiation_Wm2,11,85
gep19,00,2023-11-27,2023-12-08,gcrew,noaa_gefs,19,WindSpeed_ms_mean,11,2.9631373493483464
gep19,00,2023-11-27,2023-12-09,gcrew,noaa_gefs,19,AirTemp_C_mean,12,9.189378356933616
gep19,00,2023-11-27,2023-12-09,gcrew,noaa_gefs,19,RH_percent_mean,12,70.98326873779297
gep19,00,2023-11-27,2023-12-09,gcrew,noaa_gefs,19,Rain_mm_sum,12,0
gep19,00,2023-11-27,2023-12-09,gcrew,noaa_gefs,19,ShortwaveRadiation_Wm2,12,92.5
gep19,00,2023-11-27,2023-12-09,gcrew,noaa_gefs,19,WindSpeed_ms_mean,12,4.254736907169081
gep19,00,2023-11-27,2023-12-10,gcrew,noaa_gefs,19,AirTemp_C_mean,13,12.441644287109398
gep19,00,2023-11-27,2023-12-10,gcrew,noaa_gefs,19,RH_percent_mean,13,82.82262802124023
gep19,00,2023-11-27,2023-12-10,gcrew,noaa_gefs,19,Rain_mm_sum,13,0.800000011920929
gep19,00,2023-11-27,2023-12-10,gcrew,noaa_gefs,19,ShortwaveRadiation_Wm2,13,52.5
gep19,00,2023-11-27,2023-12-10,gcrew,noaa_gefs,19,WindSpeed_ms_mean,13,7.214954621995648
gep19,00,2023-11-27,2023-12-11,gcrew,noaa_gefs,19,AirTemp_C_mean,14,8.196138000488304
gep19,00,2023-11-27,2023-12-11,gcrew,noaa_gefs,19,RH_percent_mean,14,67.96190357208252
gep19,00,2023-11-27,2023-12-11,gcrew,noaa_gefs,19,Rain_mm_sum,14,36.89999961853027
gep19,00,2023-11-27,2023-12-11,gcrew,noaa_gefs,19,ShortwaveRadiation_Wm2,14,77.5
gep19,00,2023-11-27,2023-12-11,gcrew,noaa_gefs,19,WindSpeed_ms_mean,14,9.841349318979457
gep19,00,2023-11-27,2023-12-12,gcrew,noaa_gefs,19,AirTemp_C_mean,15,4.513063049316429
gep19,00,2023-11-27,2023-12-12,gcrew,noaa_gefs,19,RH_percent_mean,15,51.38350963592529
gep19,00,2023-11-27,2023-12-12,gcrew,noaa_gefs,19,Rain_mm_sum,15,0
gep19,00,2023-11-27,2023-12-12,gcrew,noaa_gefs,19,ShortwaveRadiation_Wm2,15,115
gep19,00,2023-11-27,2023-12-12,gcrew,noaa_gefs,19,WindSpeed_ms_mean,15,6.445321660564322
gep19,00,2023-11-27,2023-12-13,gcrew,noaa_gefs,19,AirTemp_C_mean,16,6.0189071655273665
gep19,00,2023-11-27,2023-12-13,gcrew,noaa_gefs,19,RH_percent_mean,16,54.307085037231445
gep19,00,2023-11-27,2023-12-13,gcrew,noaa_gefs,19,Rain_mm_sum,16,0
gep19,00,2023-11-27,2023-12-13,gcrew,noaa_gefs,19,ShortwaveRadiation_Wm2,16,95
gep19,00,2023-11-27,2023-12-13,gcrew,noaa_gefs,19,WindSpeed_ms_mean,16,4.919506652192801
gep19,00,2023-11-27,2023-12-14,gcrew,noaa_gefs,19,AirTemp_C_mean,17,1.9536911010742415
gep19,00,2023-11-27,2023-12-14,gcrew,noaa_gefs,19,RH_percent_mean,17,54.30481147766113
gep19,00,2023-11-27,2023-12-14,gcrew,noaa_gefs,19,Rain_mm_sum,17,0
gep19,00,2023-11-27,2023-12-14,gcrew,noaa_gefs,19,ShortwaveRadiation_Wm2,17,102.5
gep19,00,2023-11-27,2023-12-14,gcrew,noaa_gefs,19,WindSpeed_ms_mean,17,6.970441376959462
gep19,00,2023-11-27,2023-12-15,gcrew,noaa_gefs,19,AirTemp_C_mean,18,4.5534530639648665
gep19,00,2023-11-27,2023-12-15,gcrew,noaa_gefs,19,RH_percent_mean,18,48.15119743347168
gep19,00,2023-11-27,2023-12-15,gcrew,noaa_gefs,19,Rain_mm_sum,18,0
gep19,00,2023-11-27,2023-12-15,gcrew,noaa_gefs,19,ShortwaveRadiation_Wm2,18,110
gep19,00,2023-11-27,2023-12-15,gcrew,noaa_gefs,19,WindSpeed_ms_mean,18,6.043071901033547
gep19,00,2023-11-27,2023-12-16,gcrew,noaa_gefs,19,AirTemp_C_mean,19,7.143457031250023
gep19,00,2023-11-27,2023-12-16,gcrew,noaa_gefs,19,RH_percent_mean,19,52.20172309875488
gep19,00,2023-11-27,2023-12-16,gcrew,noaa_gefs,19,Rain_mm_sum,19,0
gep19,00,2023-11-27,2023-12-16,gcrew,noaa_gefs,19,ShortwaveRadiation_Wm2,19,111.5
gep19,00,2023-11-27,2023-12-16,gcrew,noaa_gefs,19,WindSpeed_ms_mean,19,5.818199168438026
gep19,00,2023-11-27,2023-12-17,gcrew,noaa_gefs,19,AirTemp_C_mean,20,6.060304260253929
gep19,00,2023-11-27,2023-12-17,gcrew,noaa_gefs,19,RH_percent_mean,20,73.71020603179932
gep19,00,2023-11-27,2023-12-17,gcrew,noaa_gefs,19,Rain_mm_sum,20,0
gep19,00,2023-11-27,2023-12-17,gcrew,noaa_gefs,19,ShortwaveRadiation_Wm2,20,67.5
gep19,00,2023-11-27,2023-12-17,gcrew,noaa_gefs,19,WindSpeed_ms_mean,20,4.95647322638626
gep19,00,2023-11-27,2023-12-18,gcrew,noaa_gefs,19,AirTemp_C_mean,21,7.519563293457054
gep19,00,2023-11-27,2023-12-18,gcrew,noaa_gefs,19,RH_percent_mean,21,87.2380199432373
gep19,00,2023-11-27,2023-12-18,gcrew,noaa_gefs,19,Rain_mm_sum,21,14.800000309944153
gep19,00,2023-11-27,2023-12-18,gcrew,noaa_gefs,19,ShortwaveRadiation_Wm2,21,10
gep19,00,2023-11-27,2023-12-18,gcrew,noaa_gefs,19,WindSpeed_ms_mean,21,6.641896038089156
gep19,00,2023-11-27,2023-12-19,gcrew,noaa_gefs,19,AirTemp_C_mean,22,7.543115234375023
gep19,00,2023-11-27,2023-12-19,gcrew,noaa_gefs,19,RH_percent_mean,22,82.2885913848877
gep19,00,2023-11-27,2023-12-19,gcrew,noaa_gefs,19,Rain_mm_sum,22,7.600000008940697
gep19,00,2023-11-27,2023-12-19,gcrew,noaa_gefs,19,ShortwaveRadiation_Wm2,22,42.5
gep19,00,2023-11-27,2023-12-19,gcrew,noaa_gefs,19,WindSpeed_ms_mean,22,5.825227171579426
gep19,00,2023-11-27,2023-12-20,gcrew,noaa_gefs,19,AirTemp_C_mean,23,8.987573242187523
gep19,00,2023-11-27,2023-12-20,gcrew,noaa_gefs,19,RH_percent_mean,23,80.18497467041016
gep19,00,2023-11-27,2023-12-20,gcrew,noaa_gefs,19,Rain_mm_sum,23,0.30000000447034836
gep19,00,2023-11-27,2023-12-20,gcrew,noaa_gefs,19,ShortwaveRadiation_Wm2,23,42.5
gep19,00,2023-11-27,2023-12-20,gcrew,noaa_gefs,19,WindSpeed_ms_mean,23,4.078718289512819
gep19,00,2023-11-27,2023-12-21,gcrew,noaa_gefs,19,AirTemp_C_mean,24,8.525712585449241
gep19,00,2023-11-27,2023-12-21,gcrew,noaa_gefs,19,RH_percent_mean,24,76.58914756774902
gep19,00,2023-11-27,2023-12-21,gcrew,noaa_gefs,19,Rain_mm_sum,24,36.49999952316284
gep19,00,2023-11-27,2023-12-21,gcrew,noaa_gefs,19,ShortwaveRadiation_Wm2,24,75
gep19,00,2023-11-27,2023-12-21,gcrew,noaa_gefs,19,WindSpeed_ms_mean,24,11.62732320451973
gep19,00,2023-11-27,2023-12-22,gcrew,noaa_gefs,19,AirTemp_C_mean,25,6.965997314453148
gep19,00,2023-11-27,2023-12-22,gcrew,noaa_gefs,19,RH_percent_mean,25,62.65604782104492
gep19,00,2023-11-27,2023-12-22,gcrew,noaa_gefs,19,Rain_mm_sum,25,0
gep19,00,2023-11-27,2023-12-22,gcrew,noaa_gefs,19,ShortwaveRadiation_Wm2,25,110
gep19,00,2023-11-27,2023-12-22,gcrew,noaa_gefs,19,WindSpeed_ms_mean,25,8.727689670673977
gep19,00,2023-11-27,2023-12-23,gcrew,noaa_gefs,19,AirTemp_C_mean,26,6.719461059570335
gep19,00,2023-11-27,2023-12-23,gcrew,noaa_gefs,19,RH_percent_mean,26,62.82187747955322
gep19,00,2023-11-27,2023-12-23,gcrew,noaa_gefs,19,Rain_mm_sum,26,0
gep19,00,2023-11-27,2023-12-23,gcrew,noaa_gefs,19,ShortwaveRadiation_Wm2,26,87.5
gep19,00,2023-11-27,2023-12-23,gcrew,noaa_gefs,19,WindSpeed_ms_mean,26,2.369054386272265
gep19,00,2023-11-27,2023-12-24,gcrew,noaa_gefs,19,AirTemp_C_mean,27,5.3032699584961165
gep19,00,2023-11-27,2023-12-24,gcrew,noaa_gefs,19,RH_percent_mean,27,81.36386299133301
gep19,00,2023-11-27,2023-12-24,gcrew,noaa_gefs,19,Rain_mm_sum,27,28.30000114440918
gep19,00,2023-11-27,2023-12-24,gcrew,noaa_gefs,19,ShortwaveRadiation_Wm2,27,57.5
gep19,00,2023-11-27,2023-12-24,gcrew,noaa_gefs,19,WindSpeed_ms_mean,27,4.459078748032569
gep19,00,2023-11-27,2023-12-25,gcrew,noaa_gefs,19,AirTemp_C_mean,28,5.13581237792971
gep19,00,2023-11-27,2023-12-25,gcrew,noaa_gefs,19,RH_percent_mean,28,81.22675704956055
gep19,00,2023-11-27,2023-12-25,gcrew,noaa_gefs,19,Rain_mm_sum,28,1.4999999776482582
gep19,00,2023-11-27,2023-12-25,gcrew,noaa_gefs,19,ShortwaveRadiation_Wm2,28,35
gep19,00,2023-11-27,2023-12-25,gcrew,noaa_gefs,19,WindSpeed_ms_mean,28,4.003474868197337
gep19,00,2023-11-27,2023-12-26,gcrew,noaa_gefs,19,AirTemp_C_mean,29,4.564202880859398
gep19,00,2023-11-27,2023-12-26,gcrew,noaa_gefs,19,RH_percent_mean,29,65.44478416442871
gep19,00,2023-11-27,2023-12-26,gcrew,noaa_gefs,19,Rain_mm_sum,29,0.6000000238418579
gep19,00,2023-11-27,2023-12-26,gcrew,noaa_gefs,19,ShortwaveRadiation_Wm2,29,95
gep19,00,2023-11-27,2023-12-26,gcrew,noaa_gefs,19,WindSpeed_ms_mean,29,4.794088178148612
gep19,00,2023-11-27,2023-12-27,gcrew,noaa_gefs,19,AirTemp_C_mean,30,2.5684982299804915
gep19,00,2023-11-27,2023-12-27,gcrew,noaa_gefs,19,RH_percent_mean,30,61.19670581817627
gep19,00,2023-11-27,2023-12-27,gcrew,noaa_gefs,19,Rain_mm_sum,30,0.20000000298023224
gep19,00,2023-11-27,2023-12-27,gcrew,noaa_gefs,19,ShortwaveRadiation_Wm2,30,103
gep19,00,2023-11-27,2023-12-27,gcrew,noaa_gefs,19,WindSpeed_ms_mean,30,7.929123668297478
gep19,00,2023-11-27,2023-12-28,gcrew,noaa_gefs,19,AirTemp_C_mean,31,0.24892578125002274
gep19,00,2023-11-27,2023-12-28,gcrew,noaa_gefs,19,RH_percent_mean,31,54.894179344177246
gep19,00,2023-11-27,2023-12-28,gcrew,noaa_gefs,19,Rain_mm_sum,31,0
gep19,00,2023-11-27,2023-12-28,gcrew,noaa_gefs,19,ShortwaveRadiation_Wm2,31,107.5
gep19,00,2023-11-27,2023-12-28,gcrew,noaa_gefs,19,WindSpeed_ms_mean,31,8.369389072984506
gep19,00,2023-11-27,2023-12-29,gcrew,noaa_gefs,19,AirTemp_C_mean,32,2.135316467285179
gep19,00,2023-11-27,2023-12-29,gcrew,noaa_gefs,19,RH_percent_mean,32,49.380462646484375
gep19,00,2023-11-27,2023-12-29,gcrew,noaa_gefs,19,Rain_mm_sum,32,0
gep19,00,2023-11-27,2023-12-29,gcrew,noaa_gefs,19,ShortwaveRadiation_Wm2,32,100
gep19,00,2023-11-27,2023-12-29,gcrew,noaa_gefs,19,WindSpeed_ms_mean,32,4.864784430286628
gep19,00,2023-11-27,2023-12-30,gcrew,noaa_gefs,19,AirTemp_C_mean,33,2.2571350097656477
gep19,00,2023-11-27,2023-12-30,gcrew,noaa_gefs,19,RH_percent_mean,33,58.125136375427246
gep19,00,2023-11-27,2023-12-30,gcrew,noaa_gefs,19,Rain_mm_sum,33,0
gep19,00,2023-11-27,2023-12-30,gcrew,noaa_gefs,19,ShortwaveRadiation_Wm2,33,105
gep19,00,2023-11-27,2023-12-30,gcrew,noaa_gefs,19,WindSpeed_ms_mean,33,8.121758892113014
gep19,00,2023-11-27,2023-12-31,gcrew,noaa_gefs,19,AirTemp_C_mean,34,0.35221252441408524
gep19,00,2023-11-27,2023-12-31,gcrew,noaa_gefs,19,RH_percent_mean,34,59.313002586364746
gep19,00,2023-11-27,2023-12-31,gcrew,noaa_gefs,19,Rain_mm_sum,34,0
gep19,00,2023-11-27,2023-12-31,gcrew,noaa_gefs,19,ShortwaveRadiation_Wm2,34,110
gep19,00,2023-11-27,2023-12-31,gcrew,noaa_gefs,19,WindSpeed_ms_mean,34,7.684706090714355
gep19,00,2023-11-27,2024-01-01,gcrew,noaa_gefs,19,AirTemp_C_mean,35,0.9818664550781477
gep19,00,2023-11-27,2024-01-01,gcrew,noaa_gefs,19,RH_percent_mean,35,55.25293731689453
gep19,00,2023-11-27,2024-01-01,gcrew,noaa_gefs,19,Rain_mm_sum,35,0
gep19,00,2023-11-27,2024-01-01,gcrew,noaa_gefs,19,ShortwaveRadiation_Wm2,35,150
gep19,00,2023-11-27,2024-01-01,gcrew,noaa_gefs,19,WindSpeed_ms_mean,35,5.577020295958797
gep20,00,2023-11-27,2023-11-27,gcrew,noaa_gefs,20,AirTemp_C_mean,0,7.930160958426362
gep20,00,2023-11-27,2023-11-27,gcrew,noaa_gefs,20,RH_percent_mean,0,65.77873774937221
gep20,00,2023-11-27,2023-11-27,gcrew,noaa_gefs,20,Rain_mm_sum,0,1.409999966621399
gep20,00,2023-11-27,2023-11-27,gcrew,noaa_gefs,20,ShortwaveRadiation_Wm2,0,120
gep20,00,2023-11-27,2023-11-27,gcrew,noaa_gefs,20,WindSpeed_ms_mean,0,6.98831636820665
gep20,00,2023-11-27,2023-11-28,gcrew,noaa_gefs,20,AirTemp_C_mean,1,3.143903350830101
gep20,00,2023-11-27,2023-11-28,gcrew,noaa_gefs,20,RH_percent_mean,1,51.75671911239624
gep20,00,2023-11-27,2023-11-28,gcrew,noaa_gefs,20,Rain_mm_sum,1,0
gep20,00,2023-11-27,2023-11-28,gcrew,noaa_gefs,20,ShortwaveRadiation_Wm2,1,117.25
gep20,00,2023-11-27,2023-11-28,gcrew,noaa_gefs,20,WindSpeed_ms_mean,1,8.719262777459525
gep20,00,2023-11-27,2023-11-29,gcrew,noaa_gefs,20,AirTemp_C_mean,2,0.5654579162597884
gep20,00,2023-11-27,2023-11-29,gcrew,noaa_gefs,20,RH_percent_mean,2,45.022233963012695
gep20,00,2023-11-27,2023-11-29,gcrew,noaa_gefs,20,Rain_mm_sum,2,0
gep20,00,2023-11-27,2023-11-29,gcrew,noaa_gefs,20,ShortwaveRadiation_Wm2,2,123.75
gep20,00,2023-11-27,2023-11-29,gcrew,noaa_gefs,20,WindSpeed_ms_mean,2,6.168336011919848
gep20,00,2023-11-27,2023-11-30,gcrew,noaa_gefs,20,AirTemp_C_mean,3,5.442548370361351
gep20,00,2023-11-27,2023-11-30,gcrew,noaa_gefs,20,RH_percent_mean,3,51.092037200927734
gep20,00,2023-11-27,2023-11-30,gcrew,noaa_gefs,20,Rain_mm_sum,3,0
gep20,00,2023-11-27,2023-11-30,gcrew,noaa_gefs,20,ShortwaveRadiation_Wm2,3,115
gep20,00,2023-11-27,2023-11-30,gcrew,noaa_gefs,20,WindSpeed_ms_mean,3,4.647622723424587
gep20,00,2023-11-27,2023-12-01,gcrew,noaa_gefs,20,AirTemp_C_mean,4,9.021810150146507
gep20,00,2023-11-27,2023-12-01,gcrew,noaa_gefs,20,RH_percent_mean,4,66.71106433868408
gep20,00,2023-11-27,2023-12-01,gcrew,noaa_gefs,20,Rain_mm_sum,4,0.9099999666213989
gep20,00,2023-11-27,2023-12-01,gcrew,noaa_gefs,20,ShortwaveRadiation_Wm2,4,56.25
gep20,00,2023-11-27,2023-12-01,gcrew,noaa_gefs,20,WindSpeed_ms_mean,4,5.704241102456863
gep20,00,2023-11-27,2023-12-02,gcrew,noaa_gefs,20,AirTemp_C_mean,5,11.22754821777346
gep20,00,2023-11-27,2023-12-02,gcrew,noaa_gefs,20,RH_percent_mean,5,89.3065881729126
gep20,00,2023-11-27,2023-12-02,gcrew,noaa_gefs,20,Rain_mm_sum,5,2.1299999933689833
gep20,00,2023-11-27,2023-12-02,gcrew,noaa_gefs,20,ShortwaveRadiation_Wm2,5,68.75
gep20,00,2023-11-27,2023-12-02,gcrew,noaa_gefs,20,WindSpeed_ms_mean,5,3.257810854788391
gep20,00,2023-11-27,2023-12-03,gcrew,noaa_gefs,20,AirTemp_C_mean,6,11.987805938720726
gep20,00,2023-11-27,2023-12-03,gcrew,noaa_gefs,20,RH_percent_mean,6,95.10680103302002
gep20,00,2023-11-27,2023-12-03,gcrew,noaa_gefs,20,Rain_mm_sum,6,40.17000102996826
gep20,00,2023-11-27,2023-12-03,gcrew,noaa_gefs,20,ShortwaveRadiation_Wm2,6,25
gep20,00,2023-11-27,2023-12-03,gcrew,noaa_gefs,20,WindSpeed_ms_mean,6,3.011062993601093
gep20,00,2023-11-27,2023-12-04,gcrew,noaa_gefs,20,AirTemp_C_mean,7,10.208066558837913
gep20,00,2023-11-27,2023-12-04,gcrew,noaa_gefs,20,RH_percent_mean,7,69.40479469299316
gep20,00,2023-11-27,2023-12-04,gcrew,noaa_gefs,20,Rain_mm_sum,7,0.10000000149011612
gep20,00,2023-11-27,2023-12-04,gcrew,noaa_gefs,20,ShortwaveRadiation_Wm2,7,83.75
gep20,00,2023-11-27,2023-12-04,gcrew,noaa_gefs,20,WindSpeed_ms_mean,7,4.650060705382802
gep20,00,2023-11-27,2023-12-05,gcrew,noaa_gefs,20,AirTemp_C_mean,8,7.09925231933596
gep20,00,2023-11-27,2023-12-05,gcrew,noaa_gefs,20,RH_percent_mean,8,59.26151514053345
gep20,00,2023-11-27,2023-12-05,gcrew,noaa_gefs,20,Rain_mm_sum,8,0
gep20,00,2023-11-27,2023-12-05,gcrew,noaa_gefs,20,ShortwaveRadiation_Wm2,8,90
gep20,00,2023-11-27,2023-12-05,gcrew,noaa_gefs,20,WindSpeed_ms_mean,8,4.769365907420658
gep20,00,2023-11-27,2023-12-06,gcrew,noaa_gefs,20,AirTemp_C_mean,9,5.801030731201195
gep20,00,2023-11-27,2023-12-06,gcrew,noaa_gefs,20,RH_percent_mean,9,66.42868709564209
gep20,00,2023-11-27,2023-12-06,gcrew,noaa_gefs,20,Rain_mm_sum,9,0.10000000149011612
gep20,00,2023-11-27,2023-12-06,gcrew,noaa_gefs,20,ShortwaveRadiation_Wm2,9,73.75
gep20,00,2023-11-27,2023-12-06,gcrew,noaa_gefs,20,WindSpeed_ms_mean,9,5.121497430910974
gep20,00,2023-11-27,2023-12-07,gcrew,noaa_gefs,20,AirTemp_C_mean,10,4.628167724609398
gep20,00,2023-11-27,2023-12-07,gcrew,noaa_gefs,20,RH_percent_mean,10,60.15670585632324
gep20,00,2023-11-27,2023-12-07,gcrew,noaa_gefs,20,Rain_mm_sum,10,0.10000000149011612
gep20,00,2023-11-27,2023-12-07,gcrew,noaa_gefs,20,ShortwaveRadiation_Wm2,10,80
gep20,00,2023-11-27,2023-12-07,gcrew,noaa_gefs,20,WindSpeed_ms_mean,10,6.409377329262826
gep20,00,2023-11-27,2023-12-08,gcrew,noaa_gefs,20,AirTemp_C_mean,11,7.60364685058596
gep20,00,2023-11-27,2023-12-08,gcrew,noaa_gefs,20,RH_percent_mean,11,60.32244300842285
gep20,00,2023-11-27,2023-12-08,gcrew,noaa_gefs,20,Rain_mm_sum,11,0
gep20,00,2023-11-27,2023-12-08,gcrew,noaa_gefs,20,ShortwaveRadiation_Wm2,11,85
gep20,00,2023-11-27,2023-12-08,gcrew,noaa_gefs,20,WindSpeed_ms_mean,11,2.9631373493483464
gep20,00,2023-11-27,2023-12-09,gcrew,noaa_gefs,20,AirTemp_C_mean,12,9.189378356933616
gep20,00,2023-11-27,2023-12-09,gcrew,noaa_gefs,20,RH_percent_mean,12,70.98326873779297
gep20,00,2023-11-27,2023-12-09,gcrew,noaa_gefs,20,Rain_mm_sum,12,0
gep20,00,2023-11-27,2023-12-09,gcrew,noaa_gefs,20,ShortwaveRadiation_Wm2,12,92.5
gep20,00,2023-11-27,2023-12-09,gcrew,noaa_gefs,20,WindSpeed_ms_mean,12,4.254736907169081
gep20,00,2023-11-27,2023-12-10,gcrew,noaa_gefs,20,AirTemp_C_mean,13,12.441644287109398
gep20,00,2023-11-27,2023-12-10,gcrew,noaa_gefs,20,RH_percent_mean,13,82.82262802124023
gep20,00,2023-11-27,2023-12-10,gcrew,noaa_gefs,20,Rain_mm_sum,13,0.800000011920929
gep20,00,2023-11-27,2023-12-10,gcrew,noaa_gefs,20,ShortwaveRadiation_Wm2,13,52.5
gep20,00,2023-11-27,2023-12-10,gcrew,noaa_gefs,20,WindSpeed_ms_mean,13,7.214954621995648
gep20,00,2023-11-27,2023-12-11,gcrew,noaa_gefs,20,AirTemp_C_mean,14,8.196138000488304
gep20,00,2023-11-27,2023-12-11,gcrew,noaa_gefs,20,RH_percent_mean,14,67.96190357208252
gep20,00,2023-11-27,2023-12-11,gcrew,noaa_gefs,20,Rain_mm_sum,14,36.89999961853027
gep20,00,2023-11-27,2023-12-11,gcrew,noaa_gefs,20,ShortwaveRadiation_Wm2,14,77.5
gep20,00,2023-11-27,2023-12-11,gcrew,noaa_gefs,20,WindSpeed_ms_mean,14,9.841349318979457
gep20,00,2023-11-27,2023-12-12,gcrew,noaa_gefs,20,AirTemp_C_mean,15,4.513063049316429
gep20,00,2023-11-27,2023-12-12,gcrew,noaa_gefs,20,RH_percent_mean,15,51.38350963592529
gep20,00,2023-11-27,2023-12-12,gcrew,noaa_gefs,20,Rain_mm_sum,15,0
gep20,00,2023-11-27,2023-12-12,gcrew,noaa_gefs,20,ShortwaveRadiation_Wm2,15,115
gep20,00,2023-11-27,2023-12-12,gcrew,noaa_gefs,20,WindSpeed_ms_mean,15,6.445321660564322
gep20,00,2023-11-27,2023-12-13,gcrew,noaa_gefs,20,AirTemp_C_mean,16,6.0189071655273665
gep20,00,2023-11-27,2023-12-13,gcrew,noaa_gefs,20,RH_percent_mean,16,54.307085037231445
gep20,00,2023-11-27,2023-12-13,gcrew,noaa_gefs,20,Rain_mm_sum,16,0
gep20,00,2023-11-27,2023-12-13,gcrew,noaa_gefs,20,ShortwaveRadiation_Wm2,16,95
gep20,00,2023-11-27,2023-12-13,gcrew,noaa_gefs,20,WindSpeed_ms_mean,16,4.919506652192801
gep20,00,2023-11-27,2023-12-14,gcrew,noaa_gefs,20,AirTemp_C_mean,17,1.9536911010742415
gep20,00,2023-11-27,2023-12-14,gcrew,noaa_gefs,20,RH_percent_mean,17,54.30481147766113
gep20,00,2023-11-27,2023-12-14,gcrew,noaa_gefs,20,Rain_mm_sum,17,0
gep20,00,2023-11-27,2023-12-14,gcrew,noaa_gefs,20,ShortwaveRadiation_Wm2,17,102.5
gep20,00,2023-11-27,2023-12-14,gcrew,noaa_gefs,20,WindSpeed_ms_mean,17,6.970441376959462
gep20,00,2023-11-27,2023-12-15,gcrew,noaa_gefs,20,AirTemp_C_mean,18,4.5534530639648665
gep20,00,2023-11-27,2023-12-15,gcrew,noaa_gefs,20,RH_percent_mean,18,48.15119743347168
gep20,00,2023-11-27,2023-12-15,gcrew,noaa_gefs,20,Rain_mm_sum,18,0
gep20,00,2023-11-27,2023-12-15,gcrew,noaa_gefs,20,ShortwaveRadiation_Wm2,18,110
gep20,00,2023-11-27,2023-12-15,gcrew,noaa_gefs,20,WindSpeed_ms_mean,18,6.043071901033547
gep20,00,2023-11-27,2023-12-16,gcrew,noaa_gefs,20,AirTemp_C_mean,19,7.143457031250023
gep20,00,2023-11-27,2023-12-16,gcrew,noaa_gefs,20,RH_percent_mean,19,52.20172309875488
gep20,00,2023-11-27,2023-12-16,gcrew,noaa_gefs,20,Rain_mm_sum,19,0
gep20,00,2023-11-27,2023-12-16,gcrew,noaa_gefs,20,ShortwaveRadiation_Wm2,19,111.5
gep20,00,2023-11-27,2023-12-16,gcrew,noaa_gefs,20,WindSpeed_ms_mean,19,5.818199168438026
gep20,00,2023-11-27,2023-12-17,gcrew,noaa_gefs,20,AirTemp_C_mean,20,6.060304260253929
gep20,00,2023-11-27,2023-12-17,gcrew,noaa_gefs,20,RH_percent_mean,20,73.71020603179932
gep20,00,2023-11-27,2023-12-17,gcrew,noaa_gefs,20,Rain_mm_sum,20,0
gep20,00,2023-11-27,2023-12-17,gcrew,noaa_gefs,20,ShortwaveRadiation_Wm2,20,67.5
gep20,00,2023-11-27,2023-12-17,gcrew,noaa_gefs,20,WindSpeed_ms_mean,20,4.95647322638626
gep20,00,2023-11-27,2023-12-18,gcrew,noaa_gefs,20,AirTemp_C_mean,21,7.519563293457054
gep20,00,2023-11-27,2023-12-18,gcrew,noaa_gefs,20,RH_percent_mean,21,87.2380199432373
gep20,00,2023-11-27,2023-12-18,gcrew,noaa_gefs,20,Rain_mm_sum,21,14.800000309944153
gep20,00,2023-11-27,2023-12-18,gcrew,noaa_gefs,20,ShortwaveRadiation_Wm2,21,10
gep20,00,2023-11-27,2023-12-18,gcrew,noaa_gefs,20,WindSpeed_ms_mean,21,6.641896038089156
gep20,00,2023-11-27,2023-12-19,gcrew,noaa_gefs,20,AirTemp_C_mean,22,7.543115234375023
gep20,00,2023-11-27,2023-12-19,gcrew,noaa_gefs,20,RH_percent_mean,22,82.2885913848877
gep20,00,2023-11-27,2023-12-19,gcrew,noaa_gefs,20,Rain_mm_sum,22,7.600000008940697
gep20,00,2023-11-27,2023-12-19,gcrew,noaa_gefs,20,ShortwaveRadiation_Wm2,22,42.5
gep20,00,2023-11-27,2023-12-19,gcrew,noaa_gefs,20,WindSpeed_ms_mean,22,5.825227171579426
gep20,00,2023-11-27,2023-12-20,gcrew,noaa_gefs,20,AirTemp_C_mean,23,8.987573242187523
gep20,00,2023-11-27,2023-12-20,gcrew,noaa_gefs,20,RH_percent_mean,23,80.18497467041016
gep20,00,2023-11-27,2023-12-20,gcrew,noaa_gefs,20,Rain_mm_sum,23,0.30000000447034836
gep20,00,2023-11-27,2023-12-20,gcrew,noaa_gefs,20,ShortwaveRadiation_Wm2,23,42.5
gep20,00,2023-11-27,2023-12-20,gcrew,noaa_gefs,20,WindSpeed_ms_mean,23,4.078718289512819
gep20,00,2023-11-27,2023-12-21,gcrew,noaa_gefs,20,AirTemp_C_mean,24,8.525712585449241
gep20,00,2023-11-27,2023-12-21,gcrew,noaa_gefs,20,RH_percent_mean,24,76.58914756774902
gep20,00,2023-11-27,2023-12-21,gcrew,noaa_gefs,20,Rain_mm_sum,24,36.49999952316284
gep20,00,2023-11-27,2023-12-21,gcrew,noaa_gefs,20,ShortwaveRadiation_Wm2,24,75
gep20,00,2023-11-27,2023-12-21,gcrew,noaa_gefs,20,WindSpeed_ms_mean,24,11.62732320451973
gep20,00,2023-11-27,2023-12-22,gcrew,noaa_gefs,20,AirTemp_C_mean,25,6.965997314453148
gep20,00,2023-11-27,2023-12-22,gcrew,noaa_gefs,20,RH_percent_mean,25,62.65604782104492
gep20,00,2023-11-27,2023-12-22,gcrew,noaa_gefs,20,Rain_mm_sum,25,0
gep20,00,2023-11-27,2023-12-22,gcrew,noaa_gefs,20,ShortwaveRadiation_Wm2,25,110
gep20,00,2023-11-27,2023-12-22,gcrew,noaa_gefs,20,WindSpeed_ms_mean,25,8.727689670673977
gep20,00,2023-11-27,2023-12-23,gcrew,noaa_gefs,20,AirTemp_C_mean,26,6.719461059570335
gep20,00,2023-11-27,2023-12-23,gcrew,noaa_gefs,20,RH_percent_mean,26,62.82187747955322
gep20,00,2023-11-27,2023-12-23,gcrew,noaa_gefs,20,Rain_mm_sum,26,0
gep20,00,2023-11-27,2023-12-23,gcrew,noaa_gefs,20,ShortwaveRadiation_Wm2,26,87.5
gep20,00,2023-11-27,2023-12-23,gcrew,noaa_gefs,20,WindSpeed_ms_mean,26,2.369054386272265
gep20,00,2023-11-27,2023-12-24,gcrew,noaa_gefs,20,AirTemp_C_mean,27,5.3032699584961165
gep20,00,2023-11-27,2023-12-24,gcrew,noaa_gefs,20,RH_percent_mean,27,81.36386299133301
gep20,00,2023-11-27,2023-12-24,gcrew,noaa_gefs,20,Rain_mm_sum,27,28.30000114440918
gep20,00,2023-11-27,2023-12-24,gcrew,noaa_gefs,20,ShortwaveRadiation_Wm2,27,57.5
gep20,00,2023-11-27,2023-12-24,gcrew,noaa_gefs,20,WindSpeed_ms_mean,27,4.459078748032569
gep20,00,2023-11-27,2023-12-25,gcrew,noaa_gefs,20,AirTemp_C_mean,28,5.13581237792971
gep20,00,2023-11-27,2023-12-25,gcrew,noaa_gefs,20,RH_percent_mean,28,81.22675704956055
gep20,00,2023-11-27,2023-12-25,gcrew,noaa_gefs,20,Rain_mm_sum,28,1.4999999776482582
gep20,00,2023-11-27,2023-12-25,gcrew,noaa_gefs,20,ShortwaveRadiation_Wm2,28,35
gep20,00,2023-11-27,2023-12-25,gcrew,noaa_gefs,20,WindSpeed_ms_mean,28,4.003474868197337
gep20,00,2023-11-27,2023-12-26,gcrew,noaa_gefs,20,AirTemp_C_mean,29,4.564202880859398
gep20,00,2023-11-27,2023-12-26,gcrew,noaa_gefs,20,RH_percent_mean,29,65.44478416442871
gep20,00,2023-11-27,2023-12-26,gcrew,noaa_gefs,20,Rain_mm_sum,29,0.6000000238418579
gep20,00,2023-11-27,2023-12-26,gcrew,noaa_gefs,20,ShortwaveRadiation_Wm2,29,95
gep20,00,2023-11-27,2023-12-26,gcrew,noaa_gefs,20,WindSpeed_ms_mean,29,4.794088178148612
gep20,00,2023-11-27,2023-12-27,gcrew,noaa_gefs,20,AirTemp_C_mean,30,2.5684982299804915
gep20,00,2023-11-27,2023-12-27,gcrew,noaa_gefs,20,RH_percent_mean,30,61.19670581817627
gep20,00,2023-11-27,2023-12-27,gcrew,noaa_gefs,20,Rain_mm_sum,30,0.20000000298023224
gep20,00,2023-11-27,2023-12-27,gcrew,noaa_gefs,20,ShortwaveRadiation_Wm2,30,103
gep20,00,2023-11-27,2023-12-27,gcrew,noaa_gefs,20,WindSpeed_ms_mean,30,7.929123668297478
gep20,00,2023-11-27,2023-12-28,gcrew,noaa_gefs,20,AirTemp_C_mean,31,0.24892578125002274
gep20,00,2023-11-27,2023-12-28,gcrew,noaa_gefs,20,RH_percent_mean,31,54.894179344177246
gep20,00,2023-11-27,2023-12-28,gcrew,noaa_gefs,20,Rain_mm_sum,31,0
gep20,00,2023-11-27,2023-12-28,gcrew,noaa_gefs,20,ShortwaveRadiation_Wm2,31,107.5
gep20,00,2023-11-27,2023-12-28,gcrew,noaa_gefs,20,WindSpeed_ms_mean,31,8.369389072984506
gep20,00,2023-11-27,2023-12-29,gcrew,noaa_gefs,20,AirTemp_C_mean,32,2.135316467285179
gep20,00,2023-11-27,2023-12-29,gcrew,noaa_gefs,20,RH_percent_mean,32,49.380462646484375
gep20,00,2023-11-27,2023-12-29,gcrew,noaa_gefs,20,Rain_mm_sum,32,0
gep20,00,2023-11-27,2023-12-29,gcrew,noaa_gefs,20,ShortwaveRadiation_Wm2,32,100
gep20,00,2023-11-27,2023-12-29,gcrew,noaa_gefs,20,WindSpeed_ms_mean,32,4.864784430286628
gep20,00,2023-11-27,2023-12-30,gcrew,noaa_gefs,20,AirTemp_C_mean,33,2.2571350097656477
gep20,00,2023-11-27,2023-12-30,gcrew,noaa_gefs,20,RH_percent_mean,33,58.125136375427246
gep20,00,2023-11-27,2023-12-30,gcrew,noaa_gefs,20,Rain_mm_sum,33,0
gep20,00,2023-11-27,2023-12-30,gcrew,noaa_gefs,20,ShortwaveRadiation_Wm2,33,105
gep20,00,2023-11-27,2023-12-30,gcrew,noaa_gefs,20,WindSpeed_ms_mean,33,8.121758892113014
gep20,00,2023-11-27,2023-12-31,gcrew,noaa_gefs,20,AirTemp_C_mean,34,0.35221252441408524
gep20,00,2023-11-27,2023-12-31,gcrew,noaa_gefs,20,RH_percent_mean,34,59.313002586364746
gep20,00,2023-11-27,2023-12-31,gcrew,noaa_gefs,20,Rain_mm_sum,34,0
gep20,00,2023-11-27,2023-12-31,gcrew,noaa_gefs,20,ShortwaveRadiation_Wm2,34,110
gep20,00,2023-11-27,2023-12-31,gcrew,noaa_gefs,20,WindSpeed_ms_mean,34,7.684706090714355
gep20,00,2023-11-27,2024-01-01,gcrew,noaa_gefs,20,AirTemp_C_mean,35,0.9818664550781477
gep20,00,2023-11-27,2024-01-01,gcrew,noaa_gefs,20,RH_percent_mean,35,55.25293731689453
gep20,00,2023-11-27,2024-01-01,gcrew,noaa_gefs,20,Rain_mm_sum,35,0
gep20,00,2023-11-27,2024-01-01,gcrew,noaa_gefs,20,ShortwaveRadiation_Wm2,35,150
gep20,00,2023-11-27,2024-01-01,gcrew,noaa_gefs,20,WindSpeed_ms_mean,35,5.577020295958797
gep21,00,2023-11-27,2023-11-27,gcrew,noaa_gefs,21,AirTemp_C_mean,0,7.930160958426362
gep21,00,2023-11-27,2023-11-27,gcrew,noaa_gefs,21,RH_percent_mean,0,65.77873774937221
gep21,00,2023-11-27,2023-11-27,gcrew,noaa_gefs,21,Rain_mm_sum,0,1.409999966621399
gep21,00,2023-11-27,2023-11-27,gcrew,noaa_gefs,21,ShortwaveRadiation_Wm2,0,120
gep21,00,2023-11-27,2023-11-27,gcrew,noaa_gefs,21,WindSpeed_ms_mean,0,6.98831636820665
gep21,00,2023-11-27,2023-11-28,gcrew,noaa_gefs,21,AirTemp_C_mean,1,3.143903350830101
gep21,00,2023-11-27,2023-11-28,gcrew,noaa_gefs,21,RH_percent_mean,1,51.75671911239624
gep21,00,2023-11-27,2023-11-28,gcrew,noaa_gefs,21,Rain_mm_sum,1,0
gep21,00,2023-11-27,2023-11-28,gcrew,noaa_gefs,21,ShortwaveRadiation_Wm2,1,117.25
gep21,00,2023-11-27,2023-11-28,gcrew,noaa_gefs,21,WindSpeed_ms_mean,1,8.719262777459525
gep21,00,2023-11-27,2023-11-29,gcrew,noaa_gefs,21,AirTemp_C_mean,2,0.5654579162597884
gep21,00,2023-11-27,2023-11-29,gcrew,noaa_gefs,21,RH_percent_mean,2,45.022233963012695
gep21,00,2023-11-27,2023-11-29,gcrew,noaa_gefs,21,Rain_mm_sum,2,0
gep21,00,2023-11-27,2023-11-29,gcrew,noaa_gefs,21,ShortwaveRadiation_Wm2,2,123.75
gep21,00,2023-11-27,2023-11-29,gcrew,noaa_gefs,21,WindSpeed_ms_mean,2,6.168336011919848
gep21,00,2023-11-27,2023-11-30,gcrew,noaa_gefs,21,AirTemp_C_mean,3,5.442548370361351
gep21,00,2023-11-27,2023-11-30,gcrew,noaa_gefs,21,RH_percent_mean,3,51.092037200927734
gep21,00,2023-11-27,2023-11-30,gcrew,noaa_gefs,21,Rain_mm_sum,3,0
gep21,00,2023-11-27,2023-11-30,gcrew,noaa_gefs,21,ShortwaveRadiation_Wm2,3,115
gep21,00,2023-11-27,2023-11-30,gcrew,noaa_gefs,21,WindSpeed_ms_mean,3,4.647622723424587
gep21,00,2023-11-27,2023-12-01,gcrew,noaa_gefs,21,AirTemp_C_mean,4,9.021810150146507
gep21,00,2023-11-27,2023-12-01,gcrew,noaa_gefs,21,RH_percent_mean,4,66.71106433868408
gep21,00,2023-11-27,2023-12-01,gcrew,noaa_gefs,21,Rain_mm_sum,4,0.9099999666213989
gep21,00,2023-11-27,2023-12-01,gcrew,noaa_gefs,21,ShortwaveRadiation_Wm2,4,56.25
gep21,00,2023-11-27,2023-12-01,gcrew,noaa_gefs,21,WindSpeed_ms_mean,4,5.704241102456863
gep21,00,2023-11-27,2023-12-02,gcrew,noaa_gefs,21,AirTemp_C_mean,5,11.22754821777346
gep21,00,2023-11-27,2023-12-02,gcrew,noaa_gefs,21,RH_percent_mean,5,89.3065881729126
gep21,00,2023-11-27,2023-12-02,gcrew,noaa_gefs,21,Rain_mm_sum,5,2.1299999933689833
gep21,00,2023-11-27,2023-12-02,gcrew,noaa_gefs,21,ShortwaveRadiation_Wm2,5,68.75
gep21,00,2023-11-27,2023-12-02,gcrew,noaa_gefs,21,WindSpeed_ms_mean,5,3.257810854788391
gep21,00,2023-11-27,2023-12-03,gcrew,noaa_gefs,21,AirTemp_C_mean,6,11.987805938720726
gep21,00,2023-11-27,2023-12-03,gcrew,noaa_gefs,21,RH_percent_mean,6,95.10680103302002
gep21,00,2023-11-27,2023-12-03,gcrew,noaa_gefs,21,Rain_mm_sum,6,40.17000102996826
gep21,00,2023-11-27,2023-12-03,gcrew,noaa_gefs,21,ShortwaveRadiation_Wm2,6,25
gep21,00,2023-11-27,2023-12-03,gcrew,noaa_gefs,21,WindSpeed_ms_mean,6,3.011062993601093
gep21,00,2023-11-27,2023-12-04,gcrew,noaa_gefs,21,AirTemp_C_mean,7,10.208066558837913
gep21,00,2023-11-27,2023-12-04,gcrew,noaa_gefs,21,RH_percent_mean,7,69.40479469299316
gep21,00,2023-11-27,2023-12-04,gcrew,noaa_gefs,21,Rain_mm_sum,7,0.10000000149011612
gep21,00,2023-11-27,2023-12-04,gcrew,noaa_gefs,21,ShortwaveRadiation_Wm2,7,83.75
gep21,00,2023-11-27,2023-12-04,gcrew,noaa_gefs,21,WindSpeed_ms_mean,7,4.650060705382802
gep21,00,2023-11-27,2023-12-05,gcrew,noaa_gefs,21,AirTemp_C_mean,8,7.09925231933596
gep21,00,2023-11-27,2023-12-05,gcrew,noaa_gefs,21,RH_percent_mean,8,59.26151514053345
gep21,00,2023-11-27,2023-12-05,gcrew,noaa_gefs,21,Rain_mm_sum,8,0
gep21,00,2023-11-27,2023-12-05,gcrew,noaa_gefs,21,ShortwaveRadiation_Wm2,8,90
gep21,00,2023-11-27,2023-12-05,gcrew,noaa_gefs,21,WindSpeed_ms_mean,8,4.769365907420658
gep21,00,2023-11-27,2023-12-06,gcrew,noaa_gefs,21,AirTemp_C_mean,9,5.801030731201195
gep21,00,2023-11-27,2023-12-06,gcrew,noaa_gefs,21,RH_percent_mean,9,66.42868709564209
gep21,00,2023-11-27,2023-12-06,gcrew,noaa_gefs,21,Rain_mm_sum,9,0.10000000149011612
gep21,00,2023-11-27,2023-12-06,gcrew,noaa_gefs,21,ShortwaveRadiation_Wm2,9,73.75
gep21,00,2023-11-27,2023-12-06,gcrew,noaa_gefs,21,WindSpeed_ms_mean,9,5.121497430910974
gep21,00,2023-11-27,2023-12-07,gcrew,noaa_gefs,21,AirTemp_C_mean,10,4.628167724609398
gep21,00,2023-11-27,2023-12-07,gcrew,noaa_gefs,21,RH_percent_mean,10,60.15670585632324
gep21,00,2023-11-27,2023-12-07,gcrew,noaa_gefs,21,Rain_mm_sum,10,0.10000000149011612
gep21,00,2023-11-27,2023-12-07,gcrew,noaa_gefs,21,ShortwaveRadiation_Wm2,10,80
gep21,00,2023-11-27,2023-12-07,gcrew,noaa_gefs,21,WindSpeed_ms_mean,10,6.409377329262826
gep21,00,2023-11-27,2023-12-08,gcrew,noaa_gefs,21,AirTemp_C_mean,11,7.60364685058596
gep21,00,2023-11-27,2023-12-08,gcrew,noaa_gefs,21,RH_percent_mean,11,60.32244300842285
gep21,00,2023-11-27,2023-12-08,gcrew,noaa_gefs,21,Rain_mm_sum,11,0
gep21,00,2023-11-27,2023-12-08,gcrew,noaa_gefs,21,ShortwaveRadiation_Wm2,11,85
gep21,00,2023-11-27,2023-12-08,gcrew,noaa_gefs,21,WindSpeed_ms_mean,11,2.9631373493483464
gep21,00,2023-11-27,2023-12-09,gcrew,noaa_gefs,21,AirTemp_C_mean,12,9.189378356933616
gep21,00,2023-11-27,2023-12-09,gcrew,noaa_gefs,21,RH_percent_mean,12,70.98326873779297
gep21,00,2023-11-27,2023-12-09,gcrew,noaa_gefs,21,Rain_mm_sum,12,0
gep21,00,2023-11-27,2023-12-09,gcrew,noaa_gefs,21,ShortwaveRadiation_Wm2,12,92.5
gep21,00,2023-11-27,2023-12-09,gcrew,noaa_gefs,21,WindSpeed_ms_mean,12,4.254736907169081
gep21,00,2023-11-27,2023-12-10,gcrew,noaa_gefs,21,AirTemp_C_mean,13,12.441644287109398
gep21,00,2023-11-27,2023-12-10,gcrew,noaa_gefs,21,RH_percent_mean,13,82.82262802124023
gep21,00,2023-11-27,2023-12-10,gcrew,noaa_gefs,21,Rain_mm_sum,13,0.800000011920929
gep21,00,2023-11-27,2023-12-10,gcrew,noaa_gefs,21,ShortwaveRadiation_Wm2,13,52.5
gep21,00,2023-11-27,2023-12-10,gcrew,noaa_gefs,21,WindSpeed_ms_mean,13,7.214954621995648
gep21,00,2023-11-27,2023-12-11,gcrew,noaa_gefs,21,AirTemp_C_mean,14,8.196138000488304
gep21,00,2023-11-27,2023-12-11,gcrew,noaa_gefs,21,RH_percent_mean,14,67.96190357208252
gep21,00,2023-11-27,2023-12-11,gcrew,noaa_gefs,21,Rain_mm_sum,14,36.89999961853027
gep21,00,2023-11-27,2023-12-11,gcrew,noaa_gefs,21,ShortwaveRadiation_Wm2,14,77.5
gep21,00,2023-11-27,2023-12-11,gcrew,noaa_gefs,21,WindSpeed_ms_mean,14,9.841349318979457
gep21,00,2023-11-27,2023-12-12,gcrew,noaa_gefs,21,AirTemp_C_mean,15,4.513063049316429
gep21,00,2023-11-27,2023-12-12,gcrew,noaa_gefs,21,RH_percent_mean,15,51.38350963592529
gep21,00,2023-11-27,2023-12-12,gcrew,noaa_gefs,21,Rain_mm_sum,15,0
gep21,00,2023-11-27,2023-12-12,gcrew,noaa_gefs,21,ShortwaveRadiation_Wm2,15,115
gep21,00,2023-11-27,2023-12-12,gcrew,noaa_gefs,21,WindSpeed_ms_mean,15,6.445321660564322
gep21,00,2023-11-27,2023-12-13,gcrew,noaa_gefs,21,AirTemp_C_mean,16,6.0189071655273665
gep21,00,2023-11-27,2023-12-13,gcrew,noaa_gefs,21,RH_percent_mean,16,54.307085037231445
gep21,00,2023-11-27,2023-12-13,gcrew,noaa_gefs,21,Rain_mm_sum,16,0
gep21,00,2023-11-27,2023-12-13,gcrew,noaa_gefs,21,ShortwaveRadiation_Wm2,16,95
gep21,00,2023-11-27,2023-12-13,gcrew,noaa_gefs,21,WindSpeed_ms_mean,16,4.919506652192801
gep21,00,2023-11-27,2023-12-14,gcrew,noaa_gefs,21,AirTemp_C_mean,17,1.9536911010742415
gep21,00,2023-11-27,2023-12-14,gcrew,noaa_gefs,21,RH_percent_mean,17,54.30481147766113
gep21,00,2023-11-27,2023-12-14,gcrew,noaa_gefs,21,Rain_mm_sum,17,0
gep21,00,2023-11-27,2023-12-14,gcrew,noaa_gefs,21,ShortwaveRadiation_Wm2,17,102.5
gep21,00,2023-11-27,2023-12-14,gcrew,noaa_gefs,21,WindSpeed_ms_mean,17,6.970441376959462
gep21,00,2023-11-27,2023-12-15,gcrew,noaa_gefs,21,AirTemp_C_mean,18,4.5534530639648665
gep21,00,2023-11-27,2023-12-15,gcrew,noaa_gefs,21,RH_percent_mean,18,48.15119743347168
gep21,00,2023-11-27,2023-12-15,gcrew,noaa_gefs,21,Rain_mm_sum,18,0
gep21,00,2023-11-27,2023-12-15,gcrew,noaa_gefs,21,ShortwaveRadiation_Wm2,18,110
gep21,00,2023-11-27,2023-12-15,gcrew,noaa_gefs,21,WindSpeed_ms_mean,18,6.043071901033547
gep21,00,2023-11-27,2023-12-16,gcrew,noaa_gefs,21,AirTemp_C_mean,19,7.143457031250023
gep21,00,2023-11-27,2023-12-16,gcrew,noaa_gefs,21,RH_percent_mean,19,52.20172309875488
gep21,00,2023-11-27,2023-12-16,gcrew,noaa_gefs,21,Rain_mm_sum,19,0
gep21,00,2023-11-27,2023-12-16,gcrew,noaa_gefs,21,ShortwaveRadiation_Wm2,19,111.5
gep21,00,2023-11-27,2023-12-16,gcrew,noaa_gefs,21,WindSpeed_ms_mean,19,5.818199168438026
gep21,00,2023-11-27,2023-12-17,gcrew,noaa_gefs,21,AirTemp_C_mean,20,6.060304260253929
gep21,00,2023-11-27,2023-12-17,gcrew,noaa_gefs,21,RH_percent_mean,20,73.71020603179932
gep21,00,2023-11-27,2023-12-17,gcrew,noaa_gefs,21,Rain_mm_sum,20,0
gep21,00,2023-11-27,2023-12-17,gcrew,noaa_gefs,21,ShortwaveRadiation_Wm2,20,67.5
gep21,00,2023-11-27,2023-12-17,gcrew,noaa_gefs,21,WindSpeed_ms_mean,20,4.95647322638626
gep21,00,2023-11-27,2023-12-18,gcrew,noaa_gefs,21,AirTemp_C_mean,21,7.519563293457054
gep21,00,2023-11-27,2023-12-18,gcrew,noaa_gefs,21,RH_percent_mean,21,87.2380199432373
gep21,00,2023-11-27,2023-12-18,gcrew,noaa_gefs,21,Rain_mm_sum,21,14.800000309944153
gep21,00,2023-11-27,2023-12-18,gcrew,noaa_gefs,21,ShortwaveRadiation_Wm2,21,10
gep21,00,2023-11-27,2023-12-18,gcrew,noaa_gefs,21,WindSpeed_ms_mean,21,6.641896038089156
gep21,00,2023-11-27,2023-12-19,gcrew,noaa_gefs,21,AirTemp_C_mean,22,7.543115234375023
gep21,00,2023-11-27,2023-12-19,gcrew,noaa_gefs,21,RH_percent_mean,22,82.2885913848877
gep21,00,2023-11-27,2023-12-19,gcrew,noaa_gefs,21,Rain_mm_sum,22,7.600000008940697
gep21,00,2023-11-27,2023-12-19,gcrew,noaa_gefs,21,ShortwaveRadiation_Wm2,22,42.5
gep21,00,2023-11-27,2023-12-19,gcrew,noaa_gefs,21,WindSpeed_ms_mean,22,5.825227171579426
gep21,00,2023-11-27,2023-12-20,gcrew,noaa_gefs,21,AirTemp_C_mean,23,8.987573242187523
gep21,00,2023-11-27,2023-12-20,gcrew,noaa_gefs,21,RH_percent_mean,23,80.18497467041016
gep21,00,2023-11-27,2023-12-20,gcrew,noaa_gefs,21,Rain_mm_sum,23,0.30000000447034836
gep21,00,2023-11-27,2023-12-20,gcrew,noaa_gefs,21,ShortwaveRadiation_Wm2,23,42.5
gep21,00,2023-11-27,2023-12-20,gcrew,noaa_gefs,21,WindSpeed_ms_mean,23,4.078718289512819
gep21,00,2023-11-27,2023-12-21,gcrew,noaa_gefs,21,AirTemp_C_mean,24,8.525712585449241
gep21,00,2023-11-27,2023-12-21,gcrew,noaa_gefs,21,RH_percent_mean,24,76.58914756774902
gep21,00,2023-11-27,2023-12-21,gcrew,noaa_gefs,21,Rain_mm_sum,24,36.49999952316284
gep21,00,2023-11-27,2023-12-21,gcrew,noaa_gefs,21,ShortwaveRadiation_Wm2,24,75
gep21,00,2023-11-27,2023-12-21,gcrew,noaa_gefs,21,WindSpeed_ms_mean,24,11.62732320451973
gep21,00,2023-11-27,2023-12-22,gcrew,noaa_gefs,21,AirTemp_C_mean,25,6.965997314453148
gep21,00,2023-11-27,2023-12-22,gcrew,noaa_gefs,21,RH_percent_mean,25,62.65604782104492
gep21,00,2023-11-27,2023-12-22,gcrew,noaa_gefs,21,Rain_mm_sum,25,0
gep21,00,2023-11-27,2023-12-22,gcrew,noaa_gefs,21,ShortwaveRadiation_Wm2,25,110
gep21,00,2023-11-27,2023-12-22,gcrew,noaa_gefs,21,WindSpeed_ms_mean,25,8.727689670673977
gep21,00,2023-11-27,2023-12-23,gcrew,noaa_gefs,21,AirTemp_C_mean,26,6.719461059570335
gep21,00,2023-11-27,2023-12-23,gcrew,noaa_gefs,21,RH_percent_mean,26,62.82187747955322
gep21,00,2023-11-27,2023-12-23,gcrew,noaa_gefs,21,Rain_mm_sum,26,0
gep21,00,2023-11-27,2023-12-23,gcrew,noaa_gefs,21,ShortwaveRadiation_Wm2,26,87.5
gep21,00,2023-11-27,2023-12-23,gcrew,noaa_gefs,21,WindSpeed_ms_mean,26,2.369054386272265
gep21,00,2023-11-27,2023-12-24,gcrew,noaa_gefs,21,AirTemp_C_mean,27,5.3032699584961165
gep21,00,2023-11-27,2023-12-24,gcrew,noaa_gefs,21,RH_percent_mean,27,81.36386299133301
gep21,00,2023-11-27,2023-12-24,gcrew,noaa_gefs,21,Rain_mm_sum,27,28.30000114440918
gep21,00,2023-11-27,2023-12-24,gcrew,noaa_gefs,21,ShortwaveRadiation_Wm2,27,57.5
gep21,00,2023-11-27,2023-12-24,gcrew,noaa_gefs,21,WindSpeed_ms_mean,27,4.459078748032569
gep21,00,2023-11-27,2023-12-25,gcrew,noaa_gefs,21,AirTemp_C_mean,28,5.13581237792971
gep21,00,2023-11-27,2023-12-25,gcrew,noaa_gefs,21,RH_percent_mean,28,81.22675704956055
gep21,00,2023-11-27,2023-12-25,gcrew,noaa_gefs,21,Rain_mm_sum,28,1.4999999776482582
gep21,00,2023-11-27,2023-12-25,gcrew,noaa_gefs,21,ShortwaveRadiation_Wm2,28,35
gep21,00,2023-11-27,2023-12-25,gcrew,noaa_gefs,21,WindSpeed_ms_mean,28,4.003474868197337
gep21,00,2023-11-27,2023-12-26,gcrew,noaa_gefs,21,AirTemp_C_mean,29,4.564202880859398
gep21,00,2023-11-27,2023-12-26,gcrew,noaa_gefs,21,RH_percent_mean,29,65.44478416442871
gep21,00,2023-11-27,2023-12-26,gcrew,noaa_gefs,21,Rain_mm_sum,29,0.6000000238418579
gep21,00,2023-11-27,2023-12-26,gcrew,noaa_gefs,21,ShortwaveRadiation_Wm2,29,95
gep21,00,2023-11-27,2023-12-26,gcrew,noaa_gefs,21,WindSpeed_ms_mean,29,4.794088178148612
gep21,00,2023-11-27,2023-12-27,gcrew,noaa_gefs,21,AirTemp_C_mean,30,2.5684982299804915
gep21,00,2023-11-27,2023-12-27,gcrew,noaa_gefs,21,RH_percent_mean,30,61.19670581817627
gep21,00,2023-11-27,2023-12-27,gcrew,noaa_gefs,21,Rain_mm_sum,30,0.20000000298023224
gep21,00,2023-11-27,2023-12-27,gcrew,noaa_gefs,21,ShortwaveRadiation_Wm2,30,103
gep21,00,2023-11-27,2023-12-27,gcrew,noaa_gefs,21,WindSpeed_ms_mean,30,7.929123668297478
gep21,00,2023-11-27,2023-12-28,gcrew,noaa_gefs,21,AirTemp_C_mean,31,0.24892578125002274
gep21,00,2023-11-27,2023-12-28,gcrew,noaa_gefs,21,RH_percent_mean,31,54.894179344177246
gep21,00,2023-11-27,2023-12-28,gcrew,noaa_gefs,21,Rain_mm_sum,31,0
gep21,00,2023-11-27,2023-12-28,gcrew,noaa_gefs,21,ShortwaveRadiation_Wm2,31,107.5
gep21,00,2023-11-27,2023-12-28,gcrew,noaa_gefs,21,WindSpeed_ms_mean,31,8.369389072984506
gep21,00,2023-11-27,2023-12-29,gcrew,noaa_gefs,21,AirTemp_C_mean,32,2.135316467285179
gep21,00,2023-11-27,2023-12-29,gcrew,noaa_gefs,21,RH_percent_mean,32,49.380462646484375
gep21,00,2023-11-27,2023-12-29,gcrew,noaa_gefs,21,Rain_mm_sum,32,0
gep21,00,2023-11-27,2023-12-29,gcrew,noaa_gefs,21,ShortwaveRadiation_Wm2,32,100
gep21,00,2023-11-27,2023-12-29,gcrew,noaa_gefs,21,WindSpeed_ms_mean,32,4.864784430286628
gep21,00,2023-11-27,2023-12-30,gcrew,noaa_gefs,21,AirTemp_C_mean,33,2.2571350097656477
gep21,00,2023-11-27,2023-12-30,gcrew,noaa_gefs,21,RH_percent_mean,33,58.125136375427246
gep21,00,2023-11-27,2023-12-30,gcrew,noaa_gefs,21,Rain_mm_sum,33,0
gep21,00,2023-11-27,2023-12-30,gcrew,noaa_gefs,21,ShortwaveRadiation_Wm2,33,105
gep21,00,2023-11-27,2023-12-30,gcrew,noaa_gefs,21,WindSpeed_ms_mean,33,8.121758892113014
gep21,00,2023-11-27,2023-12-31,gcrew,noaa_gefs,21,AirTemp_C_mean,34,0.35221252441408524
gep21,00,2023-11-27,2023-12-31,gcrew,noaa_gefs,21,RH_percent_mean,34,59.313002586364746
gep21,00,2023-11-27,2023-12-31,gcrew,noaa_gefs,21,Rain_mm_sum,34,0
gep21,00,2023-11-27,2023-12-31,gcrew,noaa_gefs,21,ShortwaveRadiation_Wm2,34,110
gep21,00,2023-11-27,2023-12-31,gcrew,noaa_gefs,21,WindSpeed_ms_mean,34,7.684706090714355
gep21,00,2023-11-27,2024-01-01,gcrew,noaa_gefs,21,AirTemp_C_mean,35,0.9818664550781477
gep21,00,2023-11-27,2024-01-01,gcrew,noaa_gefs,21,RH_percent_mean,35,55.25293731689453
gep21,00,2023-11-27,2024-01-01,gcrew,noaa_gefs,21,Rain_mm_sum,35,0
gep21,00,2023-11-27,2024-01-01,gcrew,noaa_gefs,21,ShortwaveRadiation_Wm2,35,150
gep21,00,2023-11-27,2024-01-01,gcrew,noaa_gefs,21,WindSpeed_ms_mean,35,5.577020295958797
gep22,00,2023-11-27,2023-11-27,gcrew,noaa_gefs,22,AirTemp_C_mean,0,7.930160958426362
gep22,00,2023-11-27,2023-11-27,gcrew,noaa_gefs,22,RH_percent_mean,0,65.77873774937221
gep22,00,2023-11-27,2023-11-27,gcrew,noaa_gefs,22,Rain_mm_sum,0,1.409999966621399
gep22,00,2023-11-27,2023-11-27,gcrew,noaa_gefs,22,ShortwaveRadiation_Wm2,0,120
gep22,00,2023-11-27,2023-11-27,gcrew,noaa_gefs,22,WindSpeed_ms_mean,0,6.98831636820665
gep22,00,2023-11-27,2023-11-28,gcrew,noaa_gefs,22,AirTemp_C_mean,1,3.143903350830101
gep22,00,2023-11-27,2023-11-28,gcrew,noaa_gefs,22,RH_percent_mean,1,51.75671911239624
gep22,00,2023-11-27,2023-11-28,gcrew,noaa_gefs,22,Rain_mm_sum,1,0
gep22,00,2023-11-27,2023-11-28,gcrew,noaa_gefs,22,ShortwaveRadiation_Wm2,1,117.25
gep22,00,2023-11-27,2023-11-28,gcrew,noaa_gefs,22,WindSpeed_ms_mean,1,8.719262777459525
gep22,00,2023-11-27,2023-11-29,gcrew,noaa_gefs,22,AirTemp_C_mean,2,0.5654579162597884
gep22,00,2023-11-27,2023-11-29,gcrew,noaa_gefs,22,RH_percent_mean,2,45.022233963012695
gep22,00,2023-11-27,2023-11-29,gcrew,noaa_gefs,22,Rain_mm_sum,2,0
gep22,00,2023-11-27,2023-11-29,gcrew,noaa_gefs,22,ShortwaveRadiation_Wm2,2,123.75
gep22,00,2023-11-27,2023-11-29,gcrew,noaa_gefs,22,WindSpeed_ms_mean,2,6.168336011919848
gep22,00,2023-11-27,2023-11-30,gcrew,noaa_gefs,22,AirTemp_C_mean,3,5.442548370361351
gep22,00,2023-11-27,2023-11-30,gcrew,noaa_gefs,22,RH_percent_mean,3,51.092037200927734
gep22,00,2023-11-27,2023-11-30,gcrew,noaa_gefs,22,Rain_mm_sum,3,0
gep22,00,2023-11-27,2023-11-30,gcrew,noaa_gefs,22,ShortwaveRadiation_Wm2,3,115
gep22,00,2023-11-27,2023-11-30,gcrew,noaa_gefs,22,WindSpeed_ms_mean,3,4.647622723424587
gep22,00,2023-11-27,2023-12-01,gcrew,noaa_gefs,22,AirTemp_C_mean,4,9.021810150146507
gep22,00,2023-11-27,2023-12-01,gcrew,noaa_gefs,22,RH_percent_mean,4,66.71106433868408
gep22,00,2023-11-27,2023-12-01,gcrew,noaa_gefs,22,Rain_mm_sum,4,0.9099999666213989
gep22,00,2023-11-27,2023-12-01,gcrew,noaa_gefs,22,ShortwaveRadiation_Wm2,4,56.25
gep22,00,2023-11-27,2023-12-01,gcrew,noaa_gefs,22,WindSpeed_ms_mean,4,5.704241102456863
gep22,00,2023-11-27,2023-12-02,gcrew,noaa_gefs,22,AirTemp_C_mean,5,11.22754821777346
gep22,00,2023-11-27,2023-12-02,gcrew,noaa_gefs,22,RH_percent_mean,5,89.3065881729126
gep22,00,2023-11-27,2023-12-02,gcrew,noaa_gefs,22,Rain_mm_sum,5,2.1299999933689833
gep22,00,2023-11-27,2023-12-02,gcrew,noaa_gefs,22,ShortwaveRadiation_Wm2,5,68.75
gep22,00,2023-11-27,2023-12-02,gcrew,noaa_gefs,22,WindSpeed_ms_mean,5,3.257810854788391
gep22,00,2023-11-27,2023-12-03,gcrew,noaa_gefs,22,AirTemp_C_mean,6,11.987805938720726
gep22,00,2023-11-27,2023-12-03,gcrew,noaa_gefs,22,RH_percent_mean,6,95.10680103302002
gep22,00,2023-11-27,2023-12-03,gcrew,noaa_gefs,22,Rain_mm_sum,6,40.17000102996826
gep22,00,2023-11-27,2023-12-03,gcrew,noaa_gefs,22,ShortwaveRadiation_Wm2,6,25
gep22,00,2023-11-27,2023-12-03,gcrew,noaa_gefs,22,WindSpeed_ms_mean,6,3.011062993601093
gep22,00,2023-11-27,2023-12-04,gcrew,noaa_gefs,22,AirTemp_C_mean,7,10.208066558837913
gep22,00,2023-11-27,2023-12-04,gcrew,noaa_gefs,22,RH_percent_mean,7,69.40479469299316
gep22,00,2023-11-27,2023-12-04,gcrew,noaa_gefs,22,Rain_mm_sum,7,0.10000000149011612
gep22,00,2023-11-27,2023-12-04,gcrew,noaa_gefs,22,ShortwaveRadiation_Wm2,7,83.75
gep22,00,2023-11-27,2023-12-04,gcrew,noaa_gefs,22,WindSpeed_ms_mean,7,4.650060705382802
gep22,00,2023-11-27,2023-12-05,gcrew,noaa_gefs,22,AirTemp_C_mean,8,7.09925231933596
gep22,00,2023-11-27,2023-12-05,gcrew,noaa_gefs,22,RH_percent_mean,8,59.26151514053345
gep22,00,2023-11-27,2023-12-05,gcrew,noaa_gefs,22,Rain_mm_sum,8,0
gep22,00,2023-11-27,2023-12-05,gcrew,noaa_gefs,22,ShortwaveRadiation_Wm2,8,90
gep22,00,2023-11-27,2023-12-05,gcrew,noaa_gefs,22,WindSpeed_ms_mean,8,4.769365907420658
gep22,00,2023-11-27,2023-12-06,gcrew,noaa_gefs,22,AirTemp_C_mean,9,5.801030731201195
gep22,00,2023-11-27,2023-12-06,gcrew,noaa_gefs,22,RH_percent_mean,9,66.42868709564209
gep22,00,2023-11-27,2023-12-06,gcrew,noaa_gefs,22,Rain_mm_sum,9,0.10000000149011612
gep22,00,2023-11-27,2023-12-06,gcrew,noaa_gefs,22,ShortwaveRadiation_Wm2,9,73.75
gep22,00,2023-11-27,2023-12-06,gcrew,noaa_gefs,22,WindSpeed_ms_mean,9,5.121497430910974
gep22,00,2023-11-27,2023-12-07,gcrew,noaa_gefs,22,AirTemp_C_mean,10,4.628167724609398
gep22,00,2023-11-27,2023-12-07,gcrew,noaa_gefs,22,RH_percent_mean,10,60.15670585632324
gep22,00,2023-11-27,2023-12-07,gcrew,noaa_gefs,22,Rain_mm_sum,10,0.10000000149011612
gep22,00,2023-11-27,2023-12-07,gcrew,noaa_gefs,22,ShortwaveRadiation_Wm2,10,80
gep22,00,2023-11-27,2023-12-07,gcrew,noaa_gefs,22,WindSpeed_ms_mean,10,6.409377329262826
gep22,00,2023-11-27,2023-12-08,gcrew,noaa_gefs,22,AirTemp_C_mean,11,7.60364685058596
gep22,00,2023-11-27,2023-12-08,gcrew,noaa_gefs,22,RH_percent_mean,11,60.32244300842285
gep22,00,2023-11-27,2023-12-08,gcrew,noaa_gefs,22,Rain_mm_sum,11,0
gep22,00,2023-11-27,2023-12-08,gcrew,noaa_gefs,22,ShortwaveRadiation_Wm2,11,85
gep22,00,2023-11-27,2023-12-08,gcrew,noaa_gefs,22,WindSpeed_ms_mean,11,2.9631373493483464
gep22,00,2023-11-27,2023-12-09,gcrew,noaa_gefs,22,AirTemp_C_mean,12,9.189378356933616
gep22,00,2023-11-27,2023-12-09,gcrew,noaa_gefs,22,RH_percent_mean,12,70.98326873779297
gep22,00,2023-11-27,2023-12-09,gcrew,noaa_gefs,22,Rain_mm_sum,12,0
gep22,00,2023-11-27,2023-12-09,gcrew,noaa_gefs,22,ShortwaveRadiation_Wm2,12,92.5
gep22,00,2023-11-27,2023-12-09,gcrew,noaa_gefs,22,WindSpeed_ms_mean,12,4.254736907169081
gep22,00,2023-11-27,2023-12-10,gcrew,noaa_gefs,22,AirTemp_C_mean,13,12.441644287109398
gep22,00,2023-11-27,2023-12-10,gcrew,noaa_gefs,22,RH_percent_mean,13,82.82262802124023
gep22,00,2023-11-27,2023-12-10,gcrew,noaa_gefs,22,Rain_mm_sum,13,0.800000011920929
gep22,00,2023-11-27,2023-12-10,gcrew,noaa_gefs,22,ShortwaveRadiation_Wm2,13,52.5
gep22,00,2023-11-27,2023-12-10,gcrew,noaa_gefs,22,WindSpeed_ms_mean,13,7.214954621995648
gep22,00,2023-11-27,2023-12-11,gcrew,noaa_gefs,22,AirTemp_C_mean,14,8.196138000488304
gep22,00,2023-11-27,2023-12-11,gcrew,noaa_gefs,22,RH_percent_mean,14,67.96190357208252
gep22,00,2023-11-27,2023-12-11,gcrew,noaa_gefs,22,Rain_mm_sum,14,36.89999961853027
gep22,00,2023-11-27,2023-12-11,gcrew,noaa_gefs,22,ShortwaveRadiation_Wm2,14,77.5
gep22,00,2023-11-27,2023-12-11,gcrew,noaa_gefs,22,WindSpeed_ms_mean,14,9.841349318979457
gep22,00,2023-11-27,2023-12-12,gcrew,noaa_gefs,22,AirTemp_C_mean,15,4.513063049316429
gep22,00,2023-11-27,2023-12-12,gcrew,noaa_gefs,22,RH_percent_mean,15,51.38350963592529
gep22,00,2023-11-27,2023-12-12,gcrew,noaa_gefs,22,Rain_mm_sum,15,0
gep22,00,2023-11-27,2023-12-12,gcrew,noaa_gefs,22,ShortwaveRadiation_Wm2,15,115
gep22,00,2023-11-27,2023-12-12,gcrew,noaa_gefs,22,WindSpeed_ms_mean,15,6.445321660564322
gep22,00,2023-11-27,2023-12-13,gcrew,noaa_gefs,22,AirTemp_C_mean,16,6.0189071655273665
gep22,00,2023-11-27,2023-12-13,gcrew,noaa_gefs,22,RH_percent_mean,16,54.307085037231445
gep22,00,2023-11-27,2023-12-13,gcrew,noaa_gefs,22,Rain_mm_sum,16,0
gep22,00,2023-11-27,2023-12-13,gcrew,noaa_gefs,22,ShortwaveRadiation_Wm2,16,95
gep22,00,2023-11-27,2023-12-13,gcrew,noaa_gefs,22,WindSpeed_ms_mean,16,4.919506652192801
gep22,00,2023-11-27,2023-12-14,gcrew,noaa_gefs,22,AirTemp_C_mean,17,1.9536911010742415
gep22,00,2023-11-27,2023-12-14,gcrew,noaa_gefs,22,RH_percent_mean,17,54.30481147766113
gep22,00,2023-11-27,2023-12-14,gcrew,noaa_gefs,22,Rain_mm_sum,17,0
gep22,00,2023-11-27,2023-12-14,gcrew,noaa_gefs,22,ShortwaveRadiation_Wm2,17,102.5
gep22,00,2023-11-27,2023-12-14,gcrew,noaa_gefs,22,WindSpeed_ms_mean,17,6.970441376959462
gep22,00,2023-11-27,2023-12-15,gcrew,noaa_gefs,22,AirTemp_C_mean,18,4.5534530639648665
gep22,00,2023-11-27,2023-12-15,gcrew,noaa_gefs,22,RH_percent_mean,18,48.15119743347168
gep22,00,2023-11-27,2023-12-15,gcrew,noaa_gefs,22,Rain_mm_sum,18,0
gep22,00,2023-11-27,2023-12-15,gcrew,noaa_gefs,22,ShortwaveRadiation_Wm2,18,110
gep22,00,2023-11-27,2023-12-15,gcrew,noaa_gefs,22,WindSpeed_ms_mean,18,6.043071901033547
gep22,00,2023-11-27,2023-12-16,gcrew,noaa_gefs,22,AirTemp_C_mean,19,7.143457031250023
gep22,00,2023-11-27,2023-12-16,gcrew,noaa_gefs,22,RH_percent_mean,19,52.20172309875488
gep22,00,2023-11-27,2023-12-16,gcrew,noaa_gefs,22,Rain_mm_sum,19,0
gep22,00,2023-11-27,2023-12-16,gcrew,noaa_gefs,22,ShortwaveRadiation_Wm2,19,111.5
gep22,00,2023-11-27,2023-12-16,gcrew,noaa_gefs,22,WindSpeed_ms_mean,19,5.818199168438026
gep22,00,2023-11-27,2023-12-17,gcrew,noaa_gefs,22,AirTemp_C_mean,20,6.060304260253929
gep22,00,2023-11-27,2023-12-17,gcrew,noaa_gefs,22,RH_percent_mean,20,73.71020603179932
gep22,00,2023-11-27,2023-12-17,gcrew,noaa_gefs,22,Rain_mm_sum,20,0
gep22,00,2023-11-27,2023-12-17,gcrew,noaa_gefs,22,ShortwaveRadiation_Wm2,20,67.5
gep22,00,2023-11-27,2023-12-17,gcrew,noaa_gefs,22,WindSpeed_ms_mean,20,4.95647322638626
gep22,00,2023-11-27,2023-12-18,gcrew,noaa_gefs,22,AirTemp_C_mean,21,7.519563293457054
gep22,00,2023-11-27,2023-12-18,gcrew,noaa_gefs,22,RH_percent_mean,21,87.2380199432373
gep22,00,2023-11-27,2023-12-18,gcrew,noaa_gefs,22,Rain_mm_sum,21,14.800000309944153
gep22,00,2023-11-27,2023-12-18,gcrew,noaa_gefs,22,ShortwaveRadiation_Wm2,21,10
gep22,00,2023-11-27,2023-12-18,gcrew,noaa_gefs,22,WindSpeed_ms_mean,21,6.641896038089156
gep22,00,2023-11-27,2023-12-19,gcrew,noaa_gefs,22,AirTemp_C_mean,22,7.543115234375023
gep22,00,2023-11-27,2023-12-19,gcrew,noaa_gefs,22,RH_percent_mean,22,82.2885913848877
gep22,00,2023-11-27,2023-12-19,gcrew,noaa_gefs,22,Rain_mm_sum,22,7.600000008940697
gep22,00,2023-11-27,2023-12-19,gcrew,noaa_gefs,22,ShortwaveRadiation_Wm2,22,42.5
gep22,00,2023-11-27,2023-12-19,gcrew,noaa_gefs,22,WindSpeed_ms_mean,22,5.825227171579426
gep22,00,2023-11-27,2023-12-20,gcrew,noaa_gefs,22,AirTemp_C_mean,23,8.987573242187523
gep22,00,2023-11-27,2023-12-20,gcrew,noaa_gefs,22,RH_percent_mean,23,80.18497467041016
gep22,00,2023-11-27,2023-12-20,gcrew,noaa_gefs,22,Rain_mm_sum,23,0.30000000447034836
gep22,00,2023-11-27,2023-12-20,gcrew,noaa_gefs,22,ShortwaveRadiation_Wm2,23,42.5
gep22,00,2023-11-27,2023-12-20,gcrew,noaa_gefs,22,WindSpeed_ms_mean,23,4.078718289512819
gep22,00,2023-11-27,2023-12-21,gcrew,noaa_gefs,22,AirTemp_C_mean,24,8.525712585449241
gep22,00,2023-11-27,2023-12-21,gcrew,noaa_gefs,22,RH_percent_mean,24,76.58914756774902
gep22,00,2023-11-27,2023-12-21,gcrew,noaa_gefs,22,Rain_mm_sum,24,36.49999952316284
gep22,00,2023-11-27,2023-12-21,gcrew,noaa_gefs,22,ShortwaveRadiation_Wm2,24,75
gep22,00,2023-11-27,2023-12-21,gcrew,noaa_gefs,22,WindSpeed_ms_mean,24,11.62732320451973
gep22,00,2023-11-27,2023-12-22,gcrew,noaa_gefs,22,AirTemp_C_mean,25,6.965997314453148
gep22,00,2023-11-27,2023-12-22,gcrew,noaa_gefs,22,RH_percent_mean,25,62.65604782104492
gep22,00,2023-11-27,2023-12-22,gcrew,noaa_gefs,22,Rain_mm_sum,25,0
gep22,00,2023-11-27,2023-12-22,gcrew,noaa_gefs,22,ShortwaveRadiation_Wm2,25,110
gep22,00,2023-11-27,2023-12-22,gcrew,noaa_gefs,22,WindSpeed_ms_mean,25,8.727689670673977
gep22,00,2023-11-27,2023-12-23,gcrew,noaa_gefs,22,AirTemp_C_mean,26,6.719461059570335
gep22,00,2023-11-27,2023-12-23,gcrew,noaa_gefs,22,RH_percent_mean,26,62.82187747955322
gep22,00,2023-11-27,2023-12-23,gcrew,noaa_gefs,22,Rain_mm_sum,26,0
gep22,00,2023-11-27,2023-12-23,gcrew,noaa_gefs,22,ShortwaveRadiation_Wm2,26,87.5
gep22,00,2023-11-27,2023-12-23,gcrew,noaa_gefs,22,WindSpeed_ms_mean,26,2.369054386272265
gep22,00,2023-11-27,2023-12-24,gcrew,noaa_gefs,22,AirTemp_C_mean,27,5.3032699584961165
gep22,00,2023-11-27,2023-12-24,gcrew,noaa_gefs,22,RH_percent_mean,27,81.36386299133301
gep22,00,2023-11-27,2023-12-24,gcrew,noaa_gefs,22,Rain_mm_sum,27,28.30000114440918
gep22,00,2023-11-27,2023-12-24,gcrew,noaa_gefs,22,ShortwaveRadiation_Wm2,27,57.5
gep22,00,2023-11-27,2023-12-24,gcrew,noaa_gefs,22,WindSpeed_ms_mean,27,4.459078748032569
gep22,00,2023-11-27,2023-12-25,gcrew,noaa_gefs,22,AirTemp_C_mean,28,5.13581237792971
gep22,00,2023-11-27,2023-12-25,gcrew,noaa_gefs,22,RH_percent_mean,28,81.22675704956055
gep22,00,2023-11-27,2023-12-25,gcrew,noaa_gefs,22,Rain_mm_sum,28,1.4999999776482582
gep22,00,2023-11-27,2023-12-25,gcrew,noaa_gefs,22,ShortwaveRadiation_Wm2,28,35
gep22,00,2023-11-27,2023-12-25,gcrew,noaa_gefs,22,WindSpeed_ms_mean,28,4.003474868197337
gep22,00,2023-11-27,2023-12-26,gcrew,noaa_gefs,22,AirTemp_C_mean,29,4.564202880859398
gep22,00,2023-11-27,2023-12-26,gcrew,noaa_gefs,22,RH_percent_mean,29,65.44478416442871
gep22,00,2023-11-27,2023-12-26,gcrew,noaa_gefs,22,Rain_mm_sum,29,0.6000000238418579
gep22,00,2023-11-27,2023-12-26,gcrew,noaa_gefs,22,ShortwaveRadiation_Wm2,29,95
gep22,00,2023-11-27,2023-12-26,gcrew,noaa_gefs,22,WindSpeed_ms_mean,29,4.794088178148612
gep22,00,2023-11-27,2023-12-27,gcrew,noaa_gefs,22,AirTemp_C_mean,30,2.5684982299804915
gep22,00,2023-11-27,2023-12-27,gcrew,noaa_gefs,22,RH_percent_mean,30,61.19670581817627
gep22,00,2023-11-27,2023-12-27,gcrew,noaa_gefs,22,Rain_mm_sum,30,0.20000000298023224
gep22,00,2023-11-27,2023-12-27,gcrew,noaa_gefs,22,ShortwaveRadiation_Wm2,30,103
gep22,00,2023-11-27,2023-12-27,gcrew,noaa_gefs,22,WindSpeed_ms_mean,30,7.929123668297478
gep22,00,2023-11-27,2023-12-28,gcrew,noaa_gefs,22,AirTemp_C_mean,31,0.24892578125002274
gep22,00,2023-11-27,2023-12-28,gcrew,noaa_gefs,22,RH_percent_mean,31,54.894179344177246
gep22,00,2023-11-27,2023-12-28,gcrew,noaa_gefs,22,Rain_mm_sum,31,0
gep22,00,2023-11-27,2023-12-28,gcrew,noaa_gefs,22,ShortwaveRadiation_Wm2,31,107.5
gep22,00,2023-11-27,2023-12-28,gcrew,noaa_gefs,22,WindSpeed_ms_mean,31,8.369389072984506
gep22,00,2023-11-27,2023-12-29,gcrew,noaa_gefs,22,AirTemp_C_mean,32,2.135316467285179
gep22,00,2023-11-27,2023-12-29,gcrew,noaa_gefs,22,RH_percent_mean,32,49.380462646484375
gep22,00,2023-11-27,2023-12-29,gcrew,noaa_gefs,22,Rain_mm_sum,32,0
gep22,00,2023-11-27,2023-12-29,gcrew,noaa_gefs,22,ShortwaveRadiation_Wm2,32,100
gep22,00,2023-11-27,2023-12-29,gcrew,noaa_gefs,22,WindSpeed_ms_mean,32,4.864784430286628
gep22,00,2023-11-27,2023-12-30,gcrew,noaa_gefs,22,AirTemp_C_mean,33,2.2571350097656477
gep22,00,2023-11-27,2023-12-30,gcrew,noaa_gefs,22,RH_percent_mean,33,58.125136375427246
gep22,00,2023-11-27,2023-12-30,gcrew,noaa_gefs,22,Rain_mm_sum,33,0
gep22,00,2023-11-27,2023-12-30,gcrew,noaa_gefs,22,ShortwaveRadiation_Wm2,33,105
gep22,00,2023-11-27,2023-12-30,gcrew,noaa_gefs,22,WindSpeed_ms_mean,33,8.121758892113014
gep22,00,2023-11-27,2023-12-31,gcrew,noaa_gefs,22,AirTemp_C_mean,34,0.35221252441408524
gep22,00,2023-11-27,2023-12-31,gcrew,noaa_gefs,22,RH_percent_mean,34,59.313002586364746
gep22,00,2023-11-27,2023-12-31,gcrew,noaa_gefs,22,Rain_mm_sum,34,0
gep22,00,2023-11-27,2023-12-31,gcrew,noaa_gefs,22,ShortwaveRadiation_Wm2,34,110
gep22,00,2023-11-27,2023-12-31,gcrew,noaa_gefs,22,WindSpeed_ms_mean,34,7.684706090714355
gep22,00,2023-11-27,2024-01-01,gcrew,noaa_gefs,22,AirTemp_C_mean,35,0.9818664550781477
gep22,00,2023-11-27,2024-01-01,gcrew,noaa_gefs,22,RH_percent_mean,35,55.25293731689453
gep22,00,2023-11-27,2024-01-01,gcrew,noaa_gefs,22,Rain_mm_sum,35,0
gep22,00,2023-11-27,2024-01-01,gcrew,noaa_gefs,22,ShortwaveRadiation_Wm2,35,150
gep22,00,2023-11-27,2024-01-01,gcrew,noaa_gefs,22,WindSpeed_ms_mean,35,5.577020295958797
gep23,00,2023-11-27,2023-11-27,gcrew,noaa_gefs,23,AirTemp_C_mean,0,7.930160958426362
gep23,00,2023-11-27,2023-11-27,gcrew,noaa_gefs,23,RH_percent_mean,0,65.77873774937221
gep23,00,2023-11-27,2023-11-27,gcrew,noaa_gefs,23,Rain_mm_sum,0,1.409999966621399
gep23,00,2023-11-27,2023-11-27,gcrew,noaa_gefs,23,ShortwaveRadiation_Wm2,0,120
gep23,00,2023-11-27,2023-11-27,gcrew,noaa_gefs,23,WindSpeed_ms_mean,0,6.98831636820665
gep23,00,2023-11-27,2023-11-28,gcrew,noaa_gefs,23,AirTemp_C_mean,1,3.143903350830101
gep23,00,2023-11-27,2023-11-28,gcrew,noaa_gefs,23,RH_percent_mean,1,51.75671911239624
gep23,00,2023-11-27,2023-11-28,gcrew,noaa_gefs,23,Rain_mm_sum,1,0
gep23,00,2023-11-27,2023-11-28,gcrew,noaa_gefs,23,ShortwaveRadiation_Wm2,1,117.25
gep23,00,2023-11-27,2023-11-28,gcrew,noaa_gefs,23,WindSpeed_ms_mean,1,8.719262777459525
gep23,00,2023-11-27,2023-11-29,gcrew,noaa_gefs,23,AirTemp_C_mean,2,0.5654579162597884
gep23,00,2023-11-27,2023-11-29,gcrew,noaa_gefs,23,RH_percent_mean,2,45.022233963012695
gep23,00,2023-11-27,2023-11-29,gcrew,noaa_gefs,23,Rain_mm_sum,2,0
gep23,00,2023-11-27,2023-11-29,gcrew,noaa_gefs,23,ShortwaveRadiation_Wm2,2,123.75
gep23,00,2023-11-27,2023-11-29,gcrew,noaa_gefs,23,WindSpeed_ms_mean,2,6.168336011919848
gep23,00,2023-11-27,2023-11-30,gcrew,noaa_gefs,23,AirTemp_C_mean,3,5.442548370361351
gep23,00,2023-11-27,2023-11-30,gcrew,noaa_gefs,23,RH_percent_mean,3,51.092037200927734
gep23,00,2023-11-27,2023-11-30,gcrew,noaa_gefs,23,Rain_mm_sum,3,0
gep23,00,2023-11-27,2023-11-30,gcrew,noaa_gefs,23,ShortwaveRadiation_Wm2,3,115
gep23,00,2023-11-27,2023-11-30,gcrew,noaa_gefs,23,WindSpeed_ms_mean,3,4.647622723424587
gep23,00,2023-11-27,2023-12-01,gcrew,noaa_gefs,23,AirTemp_C_mean,4,9.021810150146507
gep23,00,2023-11-27,2023-12-01,gcrew,noaa_gefs,23,RH_percent_mean,4,66.71106433868408
gep23,00,2023-11-27,2023-12-01,gcrew,noaa_gefs,23,Rain_mm_sum,4,0.9099999666213989
gep23,00,2023-11-27,2023-12-01,gcrew,noaa_gefs,23,ShortwaveRadiation_Wm2,4,56.25
gep23,00,2023-11-27,2023-12-01,gcrew,noaa_gefs,23,WindSpeed_ms_mean,4,5.704241102456863
gep23,00,2023-11-27,2023-12-02,gcrew,noaa_gefs,23,AirTemp_C_mean,5,11.22754821777346
gep23,00,2023-11-27,2023-12-02,gcrew,noaa_gefs,23,RH_percent_mean,5,89.3065881729126
gep23,00,2023-11-27,2023-12-02,gcrew,noaa_gefs,23,Rain_mm_sum,5,2.1299999933689833
gep23,00,2023-11-27,2023-12-02,gcrew,noaa_gefs,23,ShortwaveRadiation_Wm2,5,68.75
gep23,00,2023-11-27,2023-12-02,gcrew,noaa_gefs,23,WindSpeed_ms_mean,5,3.257810854788391
gep23,00,2023-11-27,2023-12-03,gcrew,noaa_gefs,23,AirTemp_C_mean,6,11.987805938720726
gep23,00,2023-11-27,2023-12-03,gcrew,noaa_gefs,23,RH_percent_mean,6,95.10680103302002
gep23,00,2023-11-27,2023-12-03,gcrew,noaa_gefs,23,Rain_mm_sum,6,40.17000102996826
gep23,00,2023-11-27,2023-12-03,gcrew,noaa_gefs,23,ShortwaveRadiation_Wm2,6,25
gep23,00,2023-11-27,2023-12-03,gcrew,noaa_gefs,23,WindSpeed_ms_mean,6,3.011062993601093
gep23,00,2023-11-27,2023-12-04,gcrew,noaa_gefs,23,AirTemp_C_mean,7,10.208066558837913
gep23,00,2023-11-27,2023-12-04,gcrew,noaa_gefs,23,RH_percent_mean,7,69.40479469299316
gep23,00,2023-11-27,2023-12-04,gcrew,noaa_gefs,23,Rain_mm_sum,7,0.10000000149011612
gep23,00,2023-11-27,2023-12-04,gcrew,noaa_gefs,23,ShortwaveRadiation_Wm2,7,83.75
gep23,00,2023-11-27,2023-12-04,gcrew,noaa_gefs,23,WindSpeed_ms_mean,7,4.650060705382802
gep23,00,2023-11-27,2023-12-05,gcrew,noaa_gefs,23,AirTemp_C_mean,8,7.09925231933596
gep23,00,2023-11-27,2023-12-05,gcrew,noaa_gefs,23,RH_percent_mean,8,59.26151514053345
gep23,00,2023-11-27,2023-12-05,gcrew,noaa_gefs,23,Rain_mm_sum,8,0
gep23,00,2023-11-27,2023-12-05,gcrew,noaa_gefs,23,ShortwaveRadiation_Wm2,8,90
gep23,00,2023-11-27,2023-12-05,gcrew,noaa_gefs,23,WindSpeed_ms_mean,8,4.769365907420658
gep23,00,2023-11-27,2023-12-06,gcrew,noaa_gefs,23,AirTemp_C_mean,9,5.801030731201195
gep23,00,2023-11-27,2023-12-06,gcrew,noaa_gefs,23,RH_percent_mean,9,66.42868709564209
gep23,00,2023-11-27,2023-12-06,gcrew,noaa_gefs,23,Rain_mm_sum,9,0.10000000149011612
gep23,00,2023-11-27,2023-12-06,gcrew,noaa_gefs,23,ShortwaveRadiation_Wm2,9,73.75
gep23,00,2023-11-27,2023-12-06,gcrew,noaa_gefs,23,WindSpeed_ms_mean,9,5.121497430910974
gep23,00,2023-11-27,2023-12-07,gcrew,noaa_gefs,23,AirTemp_C_mean,10,4.628167724609398
gep23,00,2023-11-27,2023-12-07,gcrew,noaa_gefs,23,RH_percent_mean,10,60.15670585632324
gep23,00,2023-11-27,2023-12-07,gcrew,noaa_gefs,23,Rain_mm_sum,10,0.10000000149011612
gep23,00,2023-11-27,2023-12-07,gcrew,noaa_gefs,23,ShortwaveRadiation_Wm2,10,80
gep23,00,2023-11-27,2023-12-07,gcrew,noaa_gefs,23,WindSpeed_ms_mean,10,6.409377329262826
gep23,00,2023-11-27,2023-12-08,gcrew,noaa_gefs,23,AirTemp_C_mean,11,7.60364685058596
gep23,00,2023-11-27,2023-12-08,gcrew,noaa_gefs,23,RH_percent_mean,11,60.32244300842285
gep23,00,2023-11-27,2023-12-08,gcrew,noaa_gefs,23,Rain_mm_sum,11,0
gep23,00,2023-11-27,2023-12-08,gcrew,noaa_gefs,23,ShortwaveRadiation_Wm2,11,85
gep23,00,2023-11-27,2023-12-08,gcrew,noaa_gefs,23,WindSpeed_ms_mean,11,2.9631373493483464
gep23,00,2023-11-27,2023-12-09,gcrew,noaa_gefs,23,AirTemp_C_mean,12,9.189378356933616
gep23,00,2023-11-27,2023-12-09,gcrew,noaa_gefs,23,RH_percent_mean,12,70.98326873779297
gep23,00,2023-11-27,2023-12-09,gcrew,noaa_gefs,23,Rain_mm_sum,12,0
gep23,00,2023-11-27,2023-12-09,gcrew,noaa_gefs,23,ShortwaveRadiation_Wm2,12,92.5
gep23,00,2023-11-27,2023-12-09,gcrew,noaa_gefs,23,WindSpeed_ms_mean,12,4.254736907169081
gep23,00,2023-11-27,2023-12-10,gcrew,noaa_gefs,23,AirTemp_C_mean,13,12.441644287109398
gep23,00,2023-11-27,2023-12-10,gcrew,noaa_gefs,23,RH_percent_mean,13,82.82262802124023
gep23,00,2023-11-27,2023-12-10,gcrew,noaa_gefs,23,Rain_mm_sum,13,0.800000011920929
gep23,00,2023-11-27,2023-12-10,gcrew,noaa_gefs,23,ShortwaveRadiation_Wm2,13,52.5
gep23,00,2023-11-27,2023-12-10,gcrew,noaa_gefs,23,WindSpeed_ms_mean,13,7.214954621995648
gep23,00,2023-11-27,2023-12-11,gcrew,noaa_gefs,23,AirTemp_C_mean,14,8.196138000488304
gep23,00,2023-11-27,2023-12-11,gcrew,noaa_gefs,23,RH_percent_mean,14,67.96190357208252
gep23,00,2023-11-27,2023-12-11,gcrew,noaa_gefs,23,Rain_mm_sum,14,36.89999961853027
gep23,00,2023-11-27,2023-12-11,gcrew,noaa_gefs,23,ShortwaveRadiation_Wm2,14,77.5
gep23,00,2023-11-27,2023-12-11,gcrew,noaa_gefs,23,WindSpeed_ms_mean,14,9.841349318979457
gep23,00,2023-11-27,2023-12-12,gcrew,noaa_gefs,23,AirTemp_C_mean,15,4.513063049316429
gep23,00,2023-11-27,2023-12-12,gcrew,noaa_gefs,23,RH_percent_mean,15,51.38350963592529
gep23,00,2023-11-27,2023-12-12,gcrew,noaa_gefs,23,Rain_mm_sum,15,0
gep23,00,2023-11-27,2023-12-12,gcrew,noaa_gefs,23,ShortwaveRadiation_Wm2,15,115
gep23,00,2023-11-27,2023-12-12,gcrew,noaa_gefs,23,WindSpeed_ms_mean,15,6.445321660564322
gep23,00,2023-11-27,2023-12-13,gcrew,noaa_gefs,23,AirTemp_C_mean,16,6.0189071655273665
gep23,00,2023-11-27,2023-12-13,gcrew,noaa_gefs,23,RH_percent_mean,16,54.307085037231445
gep23,00,2023-11-27,2023-12-13,gcrew,noaa_gefs,23,Rain_mm_sum,16,0
gep23,00,2023-11-27,2023-12-13,gcrew,noaa_gefs,23,ShortwaveRadiation_Wm2,16,95
gep23,00,2023-11-27,2023-12-13,gcrew,noaa_gefs,23,WindSpeed_ms_mean,16,4.919506652192801
gep23,00,2023-11-27,2023-12-14,gcrew,noaa_gefs,23,AirTemp_C_mean,17,1.9536911010742415
gep23,00,2023-11-27,2023-12-14,gcrew,noaa_gefs,23,RH_percent_mean,17,54.30481147766113
gep23,00,2023-11-27,2023-12-14,gcrew,noaa_gefs,23,Rain_mm_sum,17,0
gep23,00,2023-11-27,2023-12-14,gcrew,noaa_gefs,23,ShortwaveRadiation_Wm2,17,102.5
gep23,00,2023-11-27,2023-12-14,gcrew,noaa_gefs,23,WindSpeed_ms_mean,17,6.970441376959462
gep23,00,2023-11-27,2023-12-15,gcrew,noaa_gefs,23,AirTemp_C_mean,18,4.5534530639648665
gep23,00,2023-11-27,2023-12-15,gcrew,noaa_gefs,23,RH_percent_mean,18,48.15119743347168
gep23,00,2023-11-27,2023-12-15,gcrew,noaa_gefs,23,Rain_mm_sum,18,0
gep23,00,2023-11-27,2023-12-15,gcrew,noaa_gefs,23,ShortwaveRadiation_Wm2,18,110
gep23,00,2023-11-27,2023-12-15,gcrew,noaa_gefs,23,WindSpeed_ms_mean,18,6.043071901033547
gep23,00,2023-11-27,2023-12-16,gcrew,noaa_gefs,23,AirTemp_C_mean,19,7.143457031250023
gep23,00,2023-11-27,2023-12-16,gcrew,noaa_gefs,23,RH_percent_mean,19,52.20172309875488
gep23,00,2023-11-27,2023-12-16,gcrew,noaa_gefs,23,Rain_mm_sum,19,0
gep23,00,2023-11-27,2023-12-16,gcrew,noaa_gefs,23,ShortwaveRadiation_Wm2,19,111.5
gep23,00,2023-11-27,2023-12-16,gcrew,noaa_gefs,23,WindSpeed_ms_mean,19,5.818199168438026
gep23,00,2023-11-27,2023-12-17,gcrew,noaa_gefs,23,AirTemp_C_mean,20,6.060304260253929
gep23,00,2023-11-27,2023-12-17,gcrew,noaa_gefs,23,RH_percent_mean,20,73.71020603179932
gep23,00,2023-11-27,2023-12-17,gcrew,noaa_gefs,23,Rain_mm_sum,20,0
gep23,00,2023-11-27,2023-12-17,gcrew,noaa_gefs,23,ShortwaveRadiation_Wm2,20,67.5
gep23,00,2023-11-27,2023-12-17,gcrew,noaa_gefs,23,WindSpeed_ms_mean,20,4.95647322638626
gep23,00,2023-11-27,2023-12-18,gcrew,noaa_gefs,23,AirTemp_C_mean,21,7.519563293457054
gep23,00,2023-11-27,2023-12-18,gcrew,noaa_gefs,23,RH_percent_mean,21,87.2380199432373
gep23,00,2023-11-27,2023-12-18,gcrew,noaa_gefs,23,Rain_mm_sum,21,14.800000309944153
gep23,00,2023-11-27,2023-12-18,gcrew,noaa_gefs,23,ShortwaveRadiation_Wm2,21,10
gep23,00,2023-11-27,2023-12-18,gcrew,noaa_gefs,23,WindSpeed_ms_mean,21,6.641896038089156
gep23,00,2023-11-27,2023-12-19,gcrew,noaa_gefs,23,AirTemp_C_mean,22,7.543115234375023
gep23,00,2023-11-27,2023-12-19,gcrew,noaa_gefs,23,RH_percent_mean,22,82.2885913848877
gep23,00,2023-11-27,2023-12-19,gcrew,noaa_gefs,23,Rain_mm_sum,22,7.600000008940697
gep23,00,2023-11-27,2023-12-19,gcrew,noaa_gefs,23,ShortwaveRadiation_Wm2,22,42.5
gep23,00,2023-11-27,2023-12-19,gcrew,noaa_gefs,23,WindSpeed_ms_mean,22,5.825227171579426
gep23,00,2023-11-27,2023-12-20,gcrew,noaa_gefs,23,AirTemp_C_mean,23,8.987573242187523
gep23,00,2023-11-27,2023-12-20,gcrew,noaa_gefs,23,RH_percent_mean,23,80.18497467041016
gep23,00,2023-11-27,2023-12-20,gcrew,noaa_gefs,23,Rain_mm_sum,23,0.30000000447034836
gep23,00,2023-11-27,2023-12-20,gcrew,noaa_gefs,23,ShortwaveRadiation_Wm2,23,42.5
gep23,00,2023-11-27,2023-12-20,gcrew,noaa_gefs,23,WindSpeed_ms_mean,23,4.078718289512819
gep23,00,2023-11-27,2023-12-21,gcrew,noaa_gefs,23,AirTemp_C_mean,24,8.525712585449241
gep23,00,2023-11-27,2023-12-21,gcrew,noaa_gefs,23,RH_percent_mean,24,76.58914756774902
gep23,00,2023-11-27,2023-12-21,gcrew,noaa_gefs,23,Rain_mm_sum,24,36.49999952316284
gep23,00,2023-11-27,2023-12-21,gcrew,noaa_gefs,23,ShortwaveRadiation_Wm2,24,75
gep23,00,2023-11-27,2023-12-21,gcrew,noaa_gefs,23,WindSpeed_ms_mean,24,11.62732320451973
gep23,00,2023-11-27,2023-12-22,gcrew,noaa_gefs,23,AirTemp_C_mean,25,6.965997314453148
gep23,00,2023-11-27,2023-12-22,gcrew,noaa_gefs,23,RH_percent_mean,25,62.65604782104492
gep23,00,2023-11-27,2023-12-22,gcrew,noaa_gefs,23,Rain_mm_sum,25,0
gep23,00,2023-11-27,2023-12-22,gcrew,noaa_gefs,23,ShortwaveRadiation_Wm2,25,110
gep23,00,2023-11-27,2023-12-22,gcrew,noaa_gefs,23,WindSpeed_ms_mean,25,8.727689670673977
gep23,00,2023-11-27,2023-12-23,gcrew,noaa_gefs,23,AirTemp_C_mean,26,6.719461059570335
gep23,00,2023-11-27,2023-12-23,gcrew,noaa_gefs,23,RH_percent_mean,26,62.82187747955322
gep23,00,2023-11-27,2023-12-23,gcrew,noaa_gefs,23,Rain_mm_sum,26,0
gep23,00,2023-11-27,2023-12-23,gcrew,noaa_gefs,23,ShortwaveRadiation_Wm2,26,87.5
gep23,00,2023-11-27,2023-12-23,gcrew,noaa_gefs,23,WindSpeed_ms_mean,26,2.369054386272265
gep23,00,2023-11-27,2023-12-24,gcrew,noaa_gefs,23,AirTemp_C_mean,27,5.3032699584961165
gep23,00,2023-11-27,2023-12-24,gcrew,noaa_gefs,23,RH_percent_mean,27,81.36386299133301
gep23,00,2023-11-27,2023-12-24,gcrew,noaa_gefs,23,Rain_mm_sum,27,28.30000114440918
gep23,00,2023-11-27,2023-12-24,gcrew,noaa_gefs,23,ShortwaveRadiation_Wm2,27,57.5
gep23,00,2023-11-27,2023-12-24,gcrew,noaa_gefs,23,WindSpeed_ms_mean,27,4.459078748032569
gep23,00,2023-11-27,2023-12-25,gcrew,noaa_gefs,23,AirTemp_C_mean,28,5.13581237792971
gep23,00,2023-11-27,2023-12-25,gcrew,noaa_gefs,23,RH_percent_mean,28,81.22675704956055
gep23,00,2023-11-27,2023-12-25,gcrew,noaa_gefs,23,Rain_mm_sum,28,1.4999999776482582
gep23,00,2023-11-27,2023-12-25,gcrew,noaa_gefs,23,ShortwaveRadiation_Wm2,28,35
gep23,00,2023-11-27,2023-12-25,gcrew,noaa_gefs,23,WindSpeed_ms_mean,28,4.003474868197337
gep23,00,2023-11-27,2023-12-26,gcrew,noaa_gefs,23,AirTemp_C_mean,29,4.564202880859398
gep23,00,2023-11-27,2023-12-26,gcrew,noaa_gefs,23,RH_percent_mean,29,65.44478416442871
gep23,00,2023-11-27,2023-12-26,gcrew,noaa_gefs,23,Rain_mm_sum,29,0.6000000238418579
gep23,00,2023-11-27,2023-12-26,gcrew,noaa_gefs,23,ShortwaveRadiation_Wm2,29,95
gep23,00,2023-11-27,2023-12-26,gcrew,noaa_gefs,23,WindSpeed_ms_mean,29,4.794088178148612
gep23,00,2023-11-27,2023-12-27,gcrew,noaa_gefs,23,AirTemp_C_mean,30,2.5684982299804915
gep23,00,2023-11-27,2023-12-27,gcrew,noaa_gefs,23,RH_percent_mean,30,61.19670581817627
gep23,00,2023-11-27,2023-12-27,gcrew,noaa_gefs,23,Rain_mm_sum,30,0.20000000298023224
gep23,00,2023-11-27,2023-12-27,gcrew,noaa_gefs,23,ShortwaveRadiation_Wm2,30,103
gep23,00,2023-11-27,2023-12-27,gcrew,noaa_gefs,23,WindSpeed_ms_mean,30,7.929123668297478
gep23,00,2023-11-27,2023-12-28,gcrew,noaa_gefs,23,AirTemp_C_mean,31,0.24892578125002274
gep23,00,2023-11-27,2023-12-28,gcrew,noaa_gefs,23,RH_percent_mean,31,54.894179344177246
gep23,00,2023-11-27,2023-12-28,gcrew,noaa_gefs,23,Rain_mm_sum,31,0
gep23,00,2023-11-27,2023-12-28,gcrew,noaa_gefs,23,ShortwaveRadiation_Wm2,31,107.5
gep23,00,2023-11-27,2023-12-28,gcrew,noaa_gefs,23,WindSpeed_ms_mean,31,8.369389072984506
gep23,00,2023-11-27,2023-12-29,gcrew,noaa_gefs,23,AirTemp_C_mean,32,2.135316467285179
gep23,00,2023-11-27,2023-12-29,gcrew,noaa_gefs,23,RH_percent_mean,32,49.380462646484375
gep23,00,2023-11-27,2023-12-29,gcrew,noaa_gefs,23,Rain_mm_sum,32,0
gep23,00,2023-11-27,2023-12-29,gcrew,noaa_gefs,23,ShortwaveRadiation_Wm2,32,100
gep23,00,2023-11-27,2023-12-29,gcrew,noaa_gefs,23,WindSpeed_ms_mean,32,4.864784430286628
gep23,00,2023-11-27,2023-12-30,gcrew,noaa_gefs,23,AirTemp_C_mean,33,2.2571350097656477
gep23,00,2023-11-27,2023-12-30,gcrew,noaa_gefs,23,RH_percent_mean,33,58.125136375427246
gep23,00,2023-11-27,2023-12-30,gcrew,noaa_gefs,23,Rain_mm_sum,33,0
gep23,00,2023-11-27,2023-12-30,gcrew,noaa_gefs,23,ShortwaveRadiation_Wm2,33,105
gep23,00,2023-11-27,2023-12-30,gcrew,noaa_gefs,23,WindSpeed_ms_mean,33,8.121758892113014
gep23,00,2023-11-27,2023-12-31,gcrew,noaa_gefs,23,AirTemp_C_mean,34,0.35221252441408524
gep23,00,2023-11-27,2023-12-31,gcrew,noaa_gefs,23,RH_percent_mean,34,59.313002586364746
gep23,00,2023-11-27,2023-12-31,gcrew,noaa_gefs,23,Rain_mm_sum,34,0
gep23,00,2023-11-27,2023-12-31,gcrew,noaa_gefs,23,ShortwaveRadiation_Wm2,34,110
gep23,00,2023-11-27,2023-12-31,gcrew,noaa_gefs,23,WindSpeed_ms_mean,34,7.684706090714355
gep23,00,2023-11-27,2024-01-01,gcrew,noaa_gefs,23,AirTemp_C_mean,35,0.9818664550781477
gep23,00,2023-11-27,2024-01-01,gcrew,noaa_gefs,23,RH_percent_mean,35,55.25293731689453
gep23,00,2023-11-27,2024-01-01,gcrew,noaa_gefs,23,Rain_mm_sum,35,0
gep23,00,2023-11-27,2024-01-01,gcrew,noaa_gefs,23,ShortwaveRadiation_Wm2,35,150
gep23,00,2023-11-27,2024-01-01,gcrew,noaa_gefs,23,WindSpeed_ms_mean,35,5.577020295958797
gep24,00,2023-11-27,2023-11-27,gcrew,noaa_gefs,24,AirTemp_C_mean,0,7.930160958426362
gep24,00,2023-11-27,2023-11-27,gcrew,noaa_gefs,24,RH_percent_mean,0,65.77873774937221
gep24,00,2023-11-27,2023-11-27,gcrew,noaa_gefs,24,Rain_mm_sum,0,1.409999966621399
gep24,00,2023-11-27,2023-11-27,gcrew,noaa_gefs,24,ShortwaveRadiation_Wm2,0,120
gep24,00,2023-11-27,2023-11-27,gcrew,noaa_gefs,24,WindSpeed_ms_mean,0,6.98831636820665
gep24,00,2023-11-27,2023-11-28,gcrew,noaa_gefs,24,AirTemp_C_mean,1,3.143903350830101
gep24,00,2023-11-27,2023-11-28,gcrew,noaa_gefs,24,RH_percent_mean,1,51.75671911239624
gep24,00,2023-11-27,2023-11-28,gcrew,noaa_gefs,24,Rain_mm_sum,1,0
gep24,00,2023-11-27,2023-11-28,gcrew,noaa_gefs,24,ShortwaveRadiation_Wm2,1,117.25
gep24,00,2023-11-27,2023-11-28,gcrew,noaa_gefs,24,WindSpeed_ms_mean,1,8.719262777459525
gep24,00,2023-11-27,2023-11-29,gcrew,noaa_gefs,24,AirTemp_C_mean,2,0.5654579162597884
gep24,00,2023-11-27,2023-11-29,gcrew,noaa_gefs,24,RH_percent_mean,2,45.022233963012695
gep24,00,2023-11-27,2023-11-29,gcrew,noaa_gefs,24,Rain_mm_sum,2,0
gep24,00,2023-11-27,2023-11-29,gcrew,noaa_gefs,24,ShortwaveRadiation_Wm2,2,123.75
gep24,00,2023-11-27,2023-11-29,gcrew,noaa_gefs,24,WindSpeed_ms_mean,2,6.168336011919848
gep24,00,2023-11-27,2023-11-30,gcrew,noaa_gefs,24,AirTemp_C_mean,3,5.442548370361351
gep24,00,2023-11-27,2023-11-30,gcrew,noaa_gefs,24,RH_percent_mean,3,51.092037200927734
gep24,00,2023-11-27,2023-11-30,gcrew,noaa_gefs,24,Rain_mm_sum,3,0
gep24,00,2023-11-27,2023-11-30,gcrew,noaa_gefs,24,ShortwaveRadiation_Wm2,3,115
gep24,00,2023-11-27,2023-11-30,gcrew,noaa_gefs,24,WindSpeed_ms_mean,3,4.647622723424587
gep24,00,2023-11-27,2023-12-01,gcrew,noaa_gefs,24,AirTemp_C_mean,4,9.021810150146507
gep24,00,2023-11-27,2023-12-01,gcrew,noaa_gefs,24,RH_percent_mean,4,66.71106433868408
gep24,00,2023-11-27,2023-12-01,gcrew,noaa_gefs,24,Rain_mm_sum,4,0.9099999666213989
gep24,00,2023-11-27,2023-12-01,gcrew,noaa_gefs,24,ShortwaveRadiation_Wm2,4,56.25
gep24,00,2023-11-27,2023-12-01,gcrew,noaa_gefs,24,WindSpeed_ms_mean,4,5.704241102456863
gep24,00,2023-11-27,2023-12-02,gcrew,noaa_gefs,24,AirTemp_C_mean,5,11.22754821777346
gep24,00,2023-11-27,2023-12-02,gcrew,noaa_gefs,24,RH_percent_mean,5,89.3065881729126
gep24,00,2023-11-27,2023-12-02,gcrew,noaa_gefs,24,Rain_mm_sum,5,2.1299999933689833
gep24,00,2023-11-27,2023-12-02,gcrew,noaa_gefs,24,ShortwaveRadiation_Wm2,5,68.75
gep24,00,2023-11-27,2023-12-02,gcrew,noaa_gefs,24,WindSpeed_ms_mean,5,3.257810854788391
gep24,00,2023-11-27,2023-12-03,gcrew,noaa_gefs,24,AirTemp_C_mean,6,11.987805938720726
gep24,00,2023-11-27,2023-12-03,gcrew,noaa_gefs,24,RH_percent_mean,6,95.10680103302002
gep24,00,2023-11-27,2023-12-03,gcrew,noaa_gefs,24,Rain_mm_sum,6,40.17000102996826
gep24,00,2023-11-27,2023-12-03,gcrew,noaa_gefs,24,ShortwaveRadiation_Wm2,6,25
gep24,00,2023-11-27,2023-12-03,gcrew,noaa_gefs,24,WindSpeed_ms_mean,6,3.011062993601093
gep24,00,2023-11-27,2023-12-04,gcrew,noaa_gefs,24,AirTemp_C_mean,7,10.208066558837913
gep24,00,2023-11-27,2023-12-04,gcrew,noaa_gefs,24,RH_percent_mean,7,69.40479469299316
gep24,00,2023-11-27,2023-12-04,gcrew,noaa_gefs,24,Rain_mm_sum,7,0.10000000149011612
gep24,00,2023-11-27,2023-12-04,gcrew,noaa_gefs,24,ShortwaveRadiation_Wm2,7,83.75
gep24,00,2023-11-27,2023-12-04,gcrew,noaa_gefs,24,WindSpeed_ms_mean,7,4.650060705382802
gep24,00,2023-11-27,2023-12-05,gcrew,noaa_gefs,24,AirTemp_C_mean,8,7.09925231933596
gep24,00,2023-11-27,2023-12-05,gcrew,noaa_gefs,24,RH_percent_mean,8,59.26151514053345
gep24,00,2023-11-27,2023-12-05,gcrew,noaa_gefs,24,Rain_mm_sum,8,0
gep24,00,2023-11-27,2023-12-05,gcrew,noaa_gefs,24,ShortwaveRadiation_Wm2,8,90
gep24,00,2023-11-27,2023-12-05,gcrew,noaa_gefs,24,WindSpeed_ms_mean,8,4.769365907420658
gep24,00,2023-11-27,2023-12-06,gcrew,noaa_gefs,24,AirTemp_C_mean,9,5.801030731201195
gep24,00,2023-11-27,2023-12-06,gcrew,noaa_gefs,24,RH_percent_mean,9,66.42868709564209
gep24,00,2023-11-27,2023-12-06,gcrew,noaa_gefs,24,Rain_mm_sum,9,0.10000000149011612
gep24,00,2023-11-27,2023-12-06,gcrew,noaa_gefs,24,ShortwaveRadiation_Wm2,9,73.75
gep24,00,2023-11-27,2023-12-06,gcrew,noaa_gefs,24,WindSpeed_ms_mean,9,5.121497430910974
gep24,00,2023-11-27,2023-12-07,gcrew,noaa_gefs,24,AirTemp_C_mean,10,4.628167724609398
gep24,00,2023-11-27,2023-12-07,gcrew,noaa_gefs,24,RH_percent_mean,10,60.15670585632324
gep24,00,2023-11-27,2023-12-07,gcrew,noaa_gefs,24,Rain_mm_sum,10,0.10000000149011612
gep24,00,2023-11-27,2023-12-07,gcrew,noaa_gefs,24,ShortwaveRadiation_Wm2,10,80
gep24,00,2023-11-27,2023-12-07,gcrew,noaa_gefs,24,WindSpeed_ms_mean,10,6.409377329262826
gep24,00,2023-11-27,2023-12-08,gcrew,noaa_gefs,24,AirTemp_C_mean,11,7.60364685058596
gep24,00,2023-11-27,2023-12-08,gcrew,noaa_gefs,24,RH_percent_mean,11,60.32244300842285
gep24,00,2023-11-27,2023-12-08,gcrew,noaa_gefs,24,Rain_mm_sum,11,0
gep24,00,2023-11-27,2023-12-08,gcrew,noaa_gefs,24,ShortwaveRadiation_Wm2,11,85
gep24,00,2023-11-27,2023-12-08,gcrew,noaa_gefs,24,WindSpeed_ms_mean,11,2.9631373493483464
gep24,00,2023-11-27,2023-12-09,gcrew,noaa_gefs,24,AirTemp_C_mean,12,9.189378356933616
gep24,00,2023-11-27,2023-12-09,gcrew,noaa_gefs,24,RH_percent_mean,12,70.98326873779297
gep24,00,2023-11-27,2023-12-09,gcrew,noaa_gefs,24,Rain_mm_sum,12,0
gep24,00,2023-11-27,2023-12-09,gcrew,noaa_gefs,24,ShortwaveRadiation_Wm2,12,92.5
gep24,00,2023-11-27,2023-12-09,gcrew,noaa_gefs,24,WindSpeed_ms_mean,12,4.254736907169081
gep24,00,2023-11-27,2023-12-10,gcrew,noaa_gefs,24,AirTemp_C_mean,13,12.441644287109398
gep24,00,2023-11-27,2023-12-10,gcrew,noaa_gefs,24,RH_percent_mean,13,82.82262802124023
gep24,00,2023-11-27,2023-12-10,gcrew,noaa_gefs,24,Rain_mm_sum,13,0.800000011920929
gep24,00,2023-11-27,2023-12-10,gcrew,noaa_gefs,24,ShortwaveRadiation_Wm2,13,52.5
gep24,00,2023-11-27,2023-12-10,gcrew,noaa_gefs,24,WindSpeed_ms_mean,13,7.214954621995648
gep24,00,2023-11-27,2023-12-11,gcrew,noaa_gefs,24,AirTemp_C_mean,14,8.196138000488304
gep24,00,2023-11-27,2023-12-11,gcrew,noaa_gefs,24,RH_percent_mean,14,67.96190357208252
gep24,00,2023-11-27,2023-12-11,gcrew,noaa_gefs,24,Rain_mm_sum,14,36.89999961853027
gep24,00,2023-11-27,2023-12-11,gcrew,noaa_gefs,24,ShortwaveRadiation_Wm2,14,77.5
gep24,00,2023-11-27,2023-12-11,gcrew,noaa_gefs,24,WindSpeed_ms_mean,14,9.841349318979457
gep24,00,2023-11-27,2023-12-12,gcrew,noaa_gefs,24,AirTemp_C_mean,15,4.513063049316429
gep24,00,2023-11-27,2023-12-12,gcrew,noaa_gefs,24,RH_percent_mean,15,51.38350963592529
gep24,00,2023-11-27,2023-12-12,gcrew,noaa_gefs,24,Rain_mm_sum,15,0
gep24,00,2023-11-27,2023-12-12,gcrew,noaa_gefs,24,ShortwaveRadiation_Wm2,15,115
gep24,00,2023-11-27,2023-12-12,gcrew,noaa_gefs,24,WindSpeed_ms_mean,15,6.445321660564322
gep24,00,2023-11-27,2023-12-13,gcrew,noaa_gefs,24,AirTemp_C_mean,16,6.0189071655273665
gep24,00,2023-11-27,2023-12-13,gcrew,noaa_gefs,24,RH_percent_mean,16,54.307085037231445
gep24,00,2023-11-27,2023-12-13,gcrew,noaa_gefs,24,Rain_mm_sum,16,0
gep24,00,2023-11-27,2023-12-13,gcrew,noaa_gefs,24,ShortwaveRadiation_Wm2,16,95
gep24,00,2023-11-27,2023-12-13,gcrew,noaa_gefs,24,WindSpeed_ms_mean,16,4.919506652192801
gep24,00,2023-11-27,2023-12-14,gcrew,noaa_gefs,24,AirTemp_C_mean,17,1.9536911010742415
gep24,00,2023-11-27,2023-12-14,gcrew,noaa_gefs,24,RH_percent_mean,17,54.30481147766113
gep24,00,2023-11-27,2023-12-14,gcrew,noaa_gefs,24,Rain_mm_sum,17,0
gep24,00,2023-11-27,2023-12-14,gcrew,noaa_gefs,24,ShortwaveRadiation_Wm2,17,102.5
gep24,00,2023-11-27,2023-12-14,gcrew,noaa_gefs,24,WindSpeed_ms_mean,17,6.970441376959462
gep24,00,2023-11-27,2023-12-15,gcrew,noaa_gefs,24,AirTemp_C_mean,18,4.5534530639648665
gep24,00,2023-11-27,2023-12-15,gcrew,noaa_gefs,24,RH_percent_mean,18,48.15119743347168
gep24,00,2023-11-27,2023-12-15,gcrew,noaa_gefs,24,Rain_mm_sum,18,0
gep24,00,2023-11-27,2023-12-15,gcrew,noaa_gefs,24,ShortwaveRadiation_Wm2,18,110
gep24,00,2023-11-27,2023-12-15,gcrew,noaa_gefs,24,WindSpeed_ms_mean,18,6.043071901033547
gep24,00,2023-11-27,2023-12-16,gcrew,noaa_gefs,24,AirTemp_C_mean,19,7.143457031250023
gep24,00,2023-11-27,2023-12-16,gcrew,noaa_gefs,24,RH_percent_mean,19,52.20172309875488
gep24,00,2023-11-27,2023-12-16,gcrew,noaa_gefs,24,Rain_mm_sum,19,0
gep24,00,2023-11-27,2023-12-16,gcrew,noaa_gefs,24,ShortwaveRadiation_Wm2,19,111.5
gep24,00,2023-11-27,2023-12-16,gcrew,noaa_gefs,24,WindSpeed_ms_mean,19,5.818199168438026
gep24,00,2023-11-27,2023-12-17,gcrew,noaa_gefs,24,AirTemp_C_mean,20,6.060304260253929
gep24,00,2023-11-27,2023-12-17,gcrew,noaa_gefs,24,RH_percent_mean,20,73.71020603179932
gep24,00,2023-11-27,2023-12-17,gcrew,noaa_gefs,24,Rain_mm_sum,20,0
gep24,00,2023-11-27,2023-12-17,gcrew,noaa_gefs,24,ShortwaveRadiation_Wm2,20,67.5
gep24,00,2023-11-27,2023-12-17,gcrew,noaa_gefs,24,WindSpeed_ms_mean,20,4.95647322638626
gep24,00,2023-11-27,2023-12-18,gcrew,noaa_gefs,24,AirTemp_C_mean,21,7.519563293457054
gep24,00,2023-11-27,2023-12-18,gcrew,noaa_gefs,24,RH_percent_mean,21,87.2380199432373
gep24,00,2023-11-27,2023-12-18,gcrew,noaa_gefs,24,Rain_mm_sum,21,14.800000309944153
gep24,00,2023-11-27,2023-12-18,gcrew,noaa_gefs,24,ShortwaveRadiation_Wm2,21,10
gep24,00,2023-11-27,2023-12-18,gcrew,noaa_gefs,24,WindSpeed_ms_mean,21,6.641896038089156
gep24,00,2023-11-27,2023-12-19,gcrew,noaa_gefs,24,AirTemp_C_mean,22,7.543115234375023
gep24,00,2023-11-27,2023-12-19,gcrew,noaa_gefs,24,RH_percent_mean,22,82.2885913848877
gep24,00,2023-11-27,2023-12-19,gcrew,noaa_gefs,24,Rain_mm_sum,22,7.600000008940697
gep24,00,2023-11-27,2023-12-19,gcrew,noaa_gefs,24,ShortwaveRadiation_Wm2,22,42.5
gep24,00,2023-11-27,2023-12-19,gcrew,noaa_gefs,24,WindSpeed_ms_mean,22,5.825227171579426
gep24,00,2023-11-27,2023-12-20,gcrew,noaa_gefs,24,AirTemp_C_mean,23,8.987573242187523
gep24,00,2023-11-27,2023-12-20,gcrew,noaa_gefs,24,RH_percent_mean,23,80.18497467041016
gep24,00,2023-11-27,2023-12-20,gcrew,noaa_gefs,24,Rain_mm_sum,23,0.30000000447034836
gep24,00,2023-11-27,2023-12-20,gcrew,noaa_gefs,24,ShortwaveRadiation_Wm2,23,42.5
gep24,00,2023-11-27,2023-12-20,gcrew,noaa_gefs,24,WindSpeed_ms_mean,23,4.078718289512819
gep24,00,2023-11-27,2023-12-21,gcrew,noaa_gefs,24,AirTemp_C_mean,24,8.525712585449241
gep24,00,2023-11-27,2023-12-21,gcrew,noaa_gefs,24,RH_percent_mean,24,76.58914756774902
gep24,00,2023-11-27,2023-12-21,gcrew,noaa_gefs,24,Rain_mm_sum,24,36.49999952316284
gep24,00,2023-11-27,2023-12-21,gcrew,noaa_gefs,24,ShortwaveRadiation_Wm2,24,75
gep24,00,2023-11-27,2023-12-21,gcrew,noaa_gefs,24,WindSpeed_ms_mean,24,11.62732320451973
gep24,00,2023-11-27,2023-12-22,gcrew,noaa_gefs,24,AirTemp_C_mean,25,6.965997314453148
gep24,00,2023-11-27,2023-12-22,gcrew,noaa_gefs,24,RH_percent_mean,25,62.65604782104492
gep24,00,2023-11-27,2023-12-22,gcrew,noaa_gefs,24,Rain_mm_sum,25,0
gep24,00,2023-11-27,2023-12-22,gcrew,noaa_gefs,24,ShortwaveRadiation_Wm2,25,110
gep24,00,2023-11-27,2023-12-22,gcrew,noaa_gefs,24,WindSpeed_ms_mean,25,8.727689670673977
gep24,00,2023-11-27,2023-12-23,gcrew,noaa_gefs,24,AirTemp_C_mean,26,6.719461059570335
gep24,00,2023-11-27,2023-12-23,gcrew,noaa_gefs,24,RH_percent_mean,26,62.82187747955322
gep24,00,2023-11-27,2023-12-23,gcrew,noaa_gefs,24,Rain_mm_sum,26,0
gep24,00,2023-11-27,2023-12-23,gcrew,noaa_gefs,24,ShortwaveRadiation_Wm2,26,87.5
gep24,00,2023-11-27,2023-12-23,gcrew,noaa_gefs,24,WindSpeed_ms_mean,26,2.369054386272265
gep24,00,2023-11-27,2023-12-24,gcrew,noaa_gefs,24,AirTemp_C_mean,27,5.3032699584961165
gep24,00,2023-11-27,2023-12-24,gcrew,noaa_gefs,24,RH_percent_mean,27,81.36386299133301
gep24,00,2023-11-27,2023-12-24,gcrew,noaa_gefs,24,Rain_mm_sum,27,28.30000114440918
gep24,00,2023-11-27,2023-12-24,gcrew,noaa_gefs,24,ShortwaveRadiation_Wm2,27,57.5
gep24,00,2023-11-27,2023-12-24,gcrew,noaa_gefs,24,WindSpeed_ms_mean,27,4.459078748032569
gep24,00,2023-11-27,2023-12-25,gcrew,noaa_gefs,24,AirTemp_C_mean,28,5.13581237792971
gep24,00,2023-11-27,2023-12-25,gcrew,noaa_gefs,24,RH_percent_mean,28,81.22675704956055
gep24,00,2023-11-27,2023-12-25,gcrew,noaa_gefs,24,Rain_mm_sum,28,1.4999999776482582
gep24,00,2023-11-27,2023-12-25,gcrew,noaa_gefs,24,ShortwaveRadiation_Wm2,28,35
gep24,00,2023-11-27,2023-12-25,gcrew,noaa_gefs,24,WindSpeed_ms_mean,28,4.003474868197337
gep24,00,2023-11-27,2023-12-26,gcrew,noaa_gefs,24,AirTemp_C_mean,29,4.564202880859398
gep24,00,2023-11-27,2023-12-26,gcrew,noaa_gefs,24,RH_percent_mean,29,65.44478416442871
gep24,00,2023-11-27,2023-12-26,gcrew,noaa_gefs,24,Rain_mm_sum,29,0.6000000238418579
gep24,00,2023-11-27,2023-12-26,gcrew,noaa_gefs,24,ShortwaveRadiation_Wm2,29,95
gep24,00,2023-11-27,2023-12-26,gcrew,noaa_gefs,24,WindSpeed_ms_mean,29,4.794088178148612
gep24,00,2023-11-27,2023-12-27,gcrew,noaa_gefs,24,AirTemp_C_mean,30,2.5684982299804915
gep24,00,2023-11-27,2023-12-27,gcrew,noaa_gefs,24,RH_percent_mean,30,61.19670581817627
gep24,00,2023-11-27,2023-12-27,gcrew,noaa_gefs,24,Rain_mm_sum,30,0.20000000298023224
gep24,00,2023-11-27,2023-12-27,gcrew,noaa_gefs,24,ShortwaveRadiation_Wm2,30,103
gep24,00,2023-11-27,2023-12-27,gcrew,noaa_gefs,24,WindSpeed_ms_mean,30,7.929123668297478
gep24,00,2023-11-27,2023-12-28,gcrew,noaa_gefs,24,AirTemp_C_mean,31,0.24892578125002274
gep24,00,2023-11-27,2023-12-28,gcrew,noaa_gefs,24,RH_percent_mean,31,54.894179344177246
gep24,00,2023-11-27,2023-12-28,gcrew,noaa_gefs,24,Rain_mm_sum,31,0
gep24,00,2023-11-27,2023-12-28,gcrew,noaa_gefs,24,ShortwaveRadiation_Wm2,31,107.5
gep24,00,2023-11-27,2023-12-28,gcrew,noaa_gefs,24,WindSpeed_ms_mean,31,8.369389072984506
gep24,00,2023-11-27,2023-12-29,gcrew,noaa_gefs,24,AirTemp_C_mean,32,2.135316467285179
gep24,00,2023-11-27,2023-12-29,gcrew,noaa_gefs,24,RH_percent_mean,32,49.380462646484375
gep24,00,2023-11-27,2023-12-29,gcrew,noaa_gefs,24,Rain_mm_sum,32,0
gep24,00,2023-11-27,2023-12-29,gcrew,noaa_gefs,24,ShortwaveRadiation_Wm2,32,100
gep24,00,2023-11-27,2023-12-29,gcrew,noaa_gefs,24,WindSpeed_ms_mean,32,4.864784430286628
gep24,00,2023-11-27,2023-12-30,gcrew,noaa_gefs,24,AirTemp_C_mean,33,2.2571350097656477
gep24,00,2023-11-27,2023-12-30,gcrew,noaa_gefs,24,RH_percent_mean,33,58.125136375427246
gep24,00,2023-11-27,2023-12-30,gcrew,noaa_gefs,24,Rain_mm_sum,33,0
gep24,00,2023-11-27,2023-12-30,gcrew,noaa_gefs,24,ShortwaveRadiation_Wm2,33,105
gep24,00,2023-11-27,2023-12-30,gcrew,noaa_gefs,24,WindSpeed_ms_mean,33,8.121758892113014
gep24,00,2023-11-27,2023-12-31,gcrew,noaa_gefs,24,AirTemp_C_mean,34,0.35221252441408524
gep24,00,2023-11-27,2023-12-31,gcrew,noaa_gefs,24,RH_percent_mean,34,59.313002586364746
gep24,00,2023-11-27,2023-12-31,gcrew,noaa_gefs,24,Rain_mm_sum,34,0
gep24,00,2023-11-27,2023-12-31,gcrew,noaa_gefs,24,ShortwaveRadiation_Wm2,34,110
gep24,00,2023-11-27,2023-12-31,gcrew,noaa_gefs,24,WindSpeed_ms_mean,34,7.684706090714355
gep24,00,2023-11-27,2024-01-01,gcrew,noaa_gefs,24,AirTemp_C_mean,35,0.9818664550781477
gep24,00,2023-11-27,2024-01-01,gcrew,noaa_gefs,24,RH_percent_mean,35,55.25293731689453
gep24,00,2023-11-27,2024-01-01,gcrew,noaa_gefs,24,Rain_mm_sum,35,0
gep24,00,2023-11-27,2024-01-01,gcrew,noaa_gefs,24,ShortwaveRadiation_Wm2,35,150
gep24,00,2023-11-27,2024-01-01,gcrew,noaa_gefs,24,WindSpeed_ms_mean,35,5.577020295958797
gep25,00,2023-11-27,2023-11-27,gcrew,noaa_gefs,25,AirTemp_C_mean,0,7.930160958426362
gep25,00,2023-11-27,2023-11-27,gcrew,noaa_gefs,25,RH_percent_mean,0,65.77873774937221
gep25,00,2023-11-27,2023-11-27,gcrew,noaa_gefs,25,Rain_mm_sum,0,1.409999966621399
gep25,00,2023-11-27,2023-11-27,gcrew,noaa_gefs,25,ShortwaveRadiation_Wm2,0,120
gep25,00,2023-11-27,2023-11-27,gcrew,noaa_gefs,25,WindSpeed_ms_mean,0,6.98831636820665
gep25,00,2023-11-27,2023-11-28,gcrew,noaa_gefs,25,AirTemp_C_mean,1,3.143903350830101
gep25,00,2023-11-27,2023-11-28,gcrew,noaa_gefs,25,RH_percent_mean,1,51.75671911239624
gep25,00,2023-11-27,2023-11-28,gcrew,noaa_gefs,25,Rain_mm_sum,1,0
gep25,00,2023-11-27,2023-11-28,gcrew,noaa_gefs,25,ShortwaveRadiation_Wm2,1,117.25
gep25,00,2023-11-27,2023-11-28,gcrew,noaa_gefs,25,WindSpeed_ms_mean,1,8.719262777459525
gep25,00,2023-11-27,2023-11-29,gcrew,noaa_gefs,25,AirTemp_C_mean,2,0.5654579162597884
gep25,00,2023-11-27,2023-11-29,gcrew,noaa_gefs,25,RH_percent_mean,2,45.022233963012695
gep25,00,2023-11-27,2023-11-29,gcrew,noaa_gefs,25,Rain_mm_sum,2,0
gep25,00,2023-11-27,2023-11-29,gcrew,noaa_gefs,25,ShortwaveRadiation_Wm2,2,123.75
gep25,00,2023-11-27,2023-11-29,gcrew,noaa_gefs,25,WindSpeed_ms_mean,2,6.168336011919848
gep25,00,2023-11-27,2023-11-30,gcrew,noaa_gefs,25,AirTemp_C_mean,3,5.442548370361351
gep25,00,2023-11-27,2023-11-30,gcrew,noaa_gefs,25,RH_percent_mean,3,51.092037200927734
gep25,00,2023-11-27,2023-11-30,gcrew,noaa_gefs,25,Rain_mm_sum,3,0
gep25,00,2023-11-27,2023-11-30,gcrew,noaa_gefs,25,ShortwaveRadiation_Wm2,3,115
gep25,00,2023-11-27,2023-11-30,gcrew,noaa_gefs,25,WindSpeed_ms_mean,3,4.647622723424587
gep25,00,2023-11-27,2023-12-01,gcrew,noaa_gefs,25,AirTemp_C_mean,4,9.021810150146507
gep25,00,2023-11-27,2023-12-01,gcrew,noaa_gefs,25,RH_percent_mean,4,66.71106433868408
gep25,00,2023-11-27,2023-12-01,gcrew,noaa_gefs,25,Rain_mm_sum,4,0.9099999666213989
gep25,00,2023-11-27,2023-12-01,gcrew,noaa_gefs,25,ShortwaveRadiation_Wm2,4,56.25
gep25,00,2023-11-27,2023-12-01,gcrew,noaa_gefs,25,WindSpeed_ms_mean,4,5.704241102456863
gep25,00,2023-11-27,2023-12-02,gcrew,noaa_gefs,25,AirTemp_C_mean,5,11.22754821777346
gep25,00,2023-11-27,2023-12-02,gcrew,noaa_gefs,25,RH_percent_mean,5,89.3065881729126
gep25,00,2023-11-27,2023-12-02,gcrew,noaa_gefs,25,Rain_mm_sum,5,2.1299999933689833
gep25,00,2023-11-27,2023-12-02,gcrew,noaa_gefs,25,ShortwaveRadiation_Wm2,5,68.75
gep25,00,2023-11-27,2023-12-02,gcrew,noaa_gefs,25,WindSpeed_ms_mean,5,3.257810854788391
gep25,00,2023-11-27,2023-12-03,gcrew,noaa_gefs,25,AirTemp_C_mean,6,11.987805938720726
gep25,00,2023-11-27,2023-12-03,gcrew,noaa_gefs,25,RH_percent_mean,6,95.10680103302002
gep25,00,2023-11-27,2023-12-03,gcrew,noaa_gefs,25,Rain_mm_sum,6,40.17000102996826
gep25,00,2023-11-27,2023-12-03,gcrew,noaa_gefs,25,ShortwaveRadiation_Wm2,6,25
gep25,00,2023-11-27,2023-12-03,gcrew,noaa_gefs,25,WindSpeed_ms_mean,6,3.011062993601093
gep25,00,2023-11-27,2023-12-04,gcrew,noaa_gefs,25,AirTemp_C_mean,7,10.208066558837913
gep25,00,2023-11-27,2023-12-04,gcrew,noaa_gefs,25,RH_percent_mean,7,69.40479469299316
gep25,00,2023-11-27,2023-12-04,gcrew,noaa_gefs,25,Rain_mm_sum,7,0.10000000149011612
gep25,00,2023-11-27,2023-12-04,gcrew,noaa_gefs,25,ShortwaveRadiation_Wm2,7,83.75
gep25,00,2023-11-27,2023-12-04,gcrew,noaa_gefs,25,WindSpeed_ms_mean,7,4.650060705382802
gep25,00,2023-11-27,2023-12-05,gcrew,noaa_gefs,25,AirTemp_C_mean,8,7.09925231933596
gep25,00,2023-11-27,2023-12-05,gcrew,noaa_gefs,25,RH_percent_mean,8,59.26151514053345
gep25,00,2023-11-27,2023-12-05,gcrew,noaa_gefs,25,Rain_mm_sum,8,0
gep25,00,2023-11-27,2023-12-05,gcrew,noaa_gefs,25,ShortwaveRadiation_Wm2,8,90
gep25,00,2023-11-27,2023-12-05,gcrew,noaa_gefs,25,WindSpeed_ms_mean,8,4.769365907420658
gep25,00,2023-11-27,2023-12-06,gcrew,noaa_gefs,25,AirTemp_C_mean,9,5.801030731201195
gep25,00,2023-11-27,2023-12-06,gcrew,noaa_gefs,25,RH_percent_mean,9,66.42868709564209
gep25,00,2023-11-27,2023-12-06,gcrew,noaa_gefs,25,Rain_mm_sum,9,0.10000000149011612
gep25,00,2023-11-27,2023-12-06,gcrew,noaa_gefs,25,ShortwaveRadiation_Wm2,9,73.75
gep25,00,2023-11-27,2023-12-06,gcrew,noaa_gefs,25,WindSpeed_ms_mean,9,5.121497430910974
gep25,00,2023-11-27,2023-12-07,gcrew,noaa_gefs,25,AirTemp_C_mean,10,4.628167724609398
gep25,00,2023-11-27,2023-12-07,gcrew,noaa_gefs,25,RH_percent_mean,10,60.15670585632324
gep25,00,2023-11-27,2023-12-07,gcrew,noaa_gefs,25,Rain_mm_sum,10,0.10000000149011612
gep25,00,2023-11-27,2023-12-07,gcrew,noaa_gefs,25,ShortwaveRadiation_Wm2,10,80
gep25,00,2023-11-27,2023-12-07,gcrew,noaa_gefs,25,WindSpeed_ms_mean,10,6.409377329262826
gep25,00,2023-11-27,2023-12-08,gcrew,noaa_gefs,25,AirTemp_C_mean,11,7.60364685058596
gep25,00,2023-11-27,2023-12-08,gcrew,noaa_gefs,25,RH_percent_mean,11,60.32244300842285
gep25,00,2023-11-27,2023-12-08,gcrew,noaa_gefs,25,Rain_mm_sum,11,0
gep25,00,2023-11-27,2023-12-08,gcrew,noaa_gefs,25,ShortwaveRadiation_Wm2,11,85
gep25,00,2023-11-27,2023-12-08,gcrew,noaa_gefs,25,WindSpeed_ms_mean,11,2.9631373493483464
gep25,00,2023-11-27,2023-12-09,gcrew,noaa_gefs,25,AirTemp_C_mean,12,9.189378356933616
gep25,00,2023-11-27,2023-12-09,gcrew,noaa_gefs,25,RH_percent_mean,12,70.98326873779297
gep25,00,2023-11-27,2023-12-09,gcrew,noaa_gefs,25,Rain_mm_sum,12,0
gep25,00,2023-11-27,2023-12-09,gcrew,noaa_gefs,25,ShortwaveRadiation_Wm2,12,92.5
gep25,00,2023-11-27,2023-12-09,gcrew,noaa_gefs,25,WindSpeed_ms_mean,12,4.254736907169081
gep25,00,2023-11-27,2023-12-10,gcrew,noaa_gefs,25,AirTemp_C_mean,13,12.441644287109398
gep25,00,2023-11-27,2023-12-10,gcrew,noaa_gefs,25,RH_percent_mean,13,82.82262802124023
gep25,00,2023-11-27,2023-12-10,gcrew,noaa_gefs,25,Rain_mm_sum,13,0.800000011920929
gep25,00,2023-11-27,2023-12-10,gcrew,noaa_gefs,25,ShortwaveRadiation_Wm2,13,52.5
gep25,00,2023-11-27,2023-12-10,gcrew,noaa_gefs,25,WindSpeed_ms_mean,13,7.214954621995648
gep25,00,2023-11-27,2023-12-11,gcrew,noaa_gefs,25,AirTemp_C_mean,14,8.196138000488304
gep25,00,2023-11-27,2023-12-11,gcrew,noaa_gefs,25,RH_percent_mean,14,67.96190357208252
gep25,00,2023-11-27,2023-12-11,gcrew,noaa_gefs,25,Rain_mm_sum,14,36.89999961853027
gep25,00,2023-11-27,2023-12-11,gcrew,noaa_gefs,25,ShortwaveRadiation_Wm2,14,77.5
gep25,00,2023-11-27,2023-12-11,gcrew,noaa_gefs,25,WindSpeed_ms_mean,14,9.841349318979457
gep25,00,2023-11-27,2023-12-12,gcrew,noaa_gefs,25,AirTemp_C_mean,15,4.513063049316429
gep25,00,2023-11-27,2023-12-12,gcrew,noaa_gefs,25,RH_percent_mean,15,51.38350963592529
gep25,00,2023-11-27,2023-12-12,gcrew,noaa_gefs,25,Rain_mm_sum,15,0
gep25,00,2023-11-27,2023-12-12,gcrew,noaa_gefs,25,ShortwaveRadiation_Wm2,15,115
gep25,00,2023-11-27,2023-12-12,gcrew,noaa_gefs,25,WindSpeed_ms_mean,15,6.445321660564322
gep25,00,2023-11-27,2023-12-13,gcrew,noaa_gefs,25,AirTemp_C_mean,16,6.0189071655273665
gep25,00,2023-11-27,2023-12-13,gcrew,noaa_gefs,25,RH_percent_mean,16,54.307085037231445
gep25,00,2023-11-27,2023-12-13,gcrew,noaa_gefs,25,Rain_mm_sum,16,0
gep25,00,2023-11-27,2023-12-13,gcrew,noaa_gefs,25,ShortwaveRadiation_Wm2,16,95
gep25,00,2023-11-27,2023-12-13,gcrew,noaa_gefs,25,WindSpeed_ms_mean,16,4.919506652192801
gep25,00,2023-11-27,2023-12-14,gcrew,noaa_gefs,25,AirTemp_C_mean,17,1.9536911010742415
gep25,00,2023-11-27,2023-12-14,gcrew,noaa_gefs,25,RH_percent_mean,17,54.30481147766113
gep25,00,2023-11-27,2023-12-14,gcrew,noaa_gefs,25,Rain_mm_sum,17,0
gep25,00,2023-11-27,2023-12-14,gcrew,noaa_gefs,25,ShortwaveRadiation_Wm2,17,102.5
gep25,00,2023-11-27,2023-12-14,gcrew,noaa_gefs,25,WindSpeed_ms_mean,17,6.970441376959462
gep25,00,2023-11-27,2023-12-15,gcrew,noaa_gefs,25,AirTemp_C_mean,18,4.5534530639648665
gep25,00,2023-11-27,2023-12-15,gcrew,noaa_gefs,25,RH_percent_mean,18,48.15119743347168
gep25,00,2023-11-27,2023-12-15,gcrew,noaa_gefs,25,Rain_mm_sum,18,0
gep25,00,2023-11-27,2023-12-15,gcrew,noaa_gefs,25,ShortwaveRadiation_Wm2,18,110
gep25,00,2023-11-27,2023-12-15,gcrew,noaa_gefs,25,WindSpeed_ms_mean,18,6.043071901033547
gep25,00,2023-11-27,2023-12-16,gcrew,noaa_gefs,25,AirTemp_C_mean,19,7.143457031250023
gep25,00,2023-11-27,2023-12-16,gcrew,noaa_gefs,25,RH_percent_mean,19,52.20172309875488
gep25,00,2023-11-27,2023-12-16,gcrew,noaa_gefs,25,Rain_mm_sum,19,0
gep25,00,2023-11-27,2023-12-16,gcrew,noaa_gefs,25,ShortwaveRadiation_Wm2,19,111.5
gep25,00,2023-11-27,2023-12-16,gcrew,noaa_gefs,25,WindSpeed_ms_mean,19,5.818199168438026
gep25,00,2023-11-27,2023-12-17,gcrew,noaa_gefs,25,AirTemp_C_mean,20,6.060304260253929
gep25,00,2023-11-27,2023-12-17,gcrew,noaa_gefs,25,RH_percent_mean,20,73.71020603179932
gep25,00,2023-11-27,2023-12-17,gcrew,noaa_gefs,25,Rain_mm_sum,20,0
gep25,00,2023-11-27,2023-12-17,gcrew,noaa_gefs,25,ShortwaveRadiation_Wm2,20,67.5
gep25,00,2023-11-27,2023-12-17,gcrew,noaa_gefs,25,WindSpeed_ms_mean,20,4.95647322638626
gep25,00,2023-11-27,2023-12-18,gcrew,noaa_gefs,25,AirTemp_C_mean,21,7.519563293457054
gep25,00,2023-11-27,2023-12-18,gcrew,noaa_gefs,25,RH_percent_mean,21,87.2380199432373
gep25,00,2023-11-27,2023-12-18,gcrew,noaa_gefs,25,Rain_mm_sum,21,14.800000309944153
gep25,00,2023-11-27,2023-12-18,gcrew,noaa_gefs,25,ShortwaveRadiation_Wm2,21,10
gep25,00,2023-11-27,2023-12-18,gcrew,noaa_gefs,25,WindSpeed_ms_mean,21,6.641896038089156
gep25,00,2023-11-27,2023-12-19,gcrew,noaa_gefs,25,AirTemp_C_mean,22,7.543115234375023
gep25,00,2023-11-27,2023-12-19,gcrew,noaa_gefs,25,RH_percent_mean,22,82.2885913848877
gep25,00,2023-11-27,2023-12-19,gcrew,noaa_gefs,25,Rain_mm_sum,22,7.600000008940697
gep25,00,2023-11-27,2023-12-19,gcrew,noaa_gefs,25,ShortwaveRadiation_Wm2,22,42.5
gep25,00,2023-11-27,2023-12-19,gcrew,noaa_gefs,25,WindSpeed_ms_mean,22,5.825227171579426
gep25,00,2023-11-27,2023-12-20,gcrew,noaa_gefs,25,AirTemp_C_mean,23,8.987573242187523
gep25,00,2023-11-27,2023-12-20,gcrew,noaa_gefs,25,RH_percent_mean,23,80.18497467041016
gep25,00,2023-11-27,2023-12-20,gcrew,noaa_gefs,25,Rain_mm_sum,23,0.30000000447034836
gep25,00,2023-11-27,2023-12-20,gcrew,noaa_gefs,25,ShortwaveRadiation_Wm2,23,42.5
gep25,00,2023-11-27,2023-12-20,gcrew,noaa_gefs,25,WindSpeed_ms_mean,23,4.078718289512819
gep25,00,2023-11-27,2023-12-21,gcrew,noaa_gefs,25,AirTemp_C_mean,24,8.525712585449241
gep25,00,2023-11-27,2023-12-21,gcrew,noaa_gefs,25,RH_percent_mean,24,76.58914756774902
gep25,00,2023-11-27,2023-12-21,gcrew,noaa_gefs,25,Rain_mm_sum,24,36.49999952316284
gep25,00,2023-11-27,2023-12-21,gcrew,noaa_gefs,25,ShortwaveRadiation_Wm2,24,75
gep25,00,2023-11-27,2023-12-21,gcrew,noaa_gefs,25,WindSpeed_ms_mean,24,11.62732320451973
gep25,00,2023-11-27,2023-12-22,gcrew,noaa_gefs,25,AirTemp_C_mean,25,6.965997314453148
gep25,00,2023-11-27,2023-12-22,gcrew,noaa_gefs,25,RH_percent_mean,25,62.65604782104492
gep25,00,2023-11-27,2023-12-22,gcrew,noaa_gefs,25,Rain_mm_sum,25,0
gep25,00,2023-11-27,2023-12-22,gcrew,noaa_gefs,25,ShortwaveRadiation_Wm2,25,110
gep25,00,2023-11-27,2023-12-22,gcrew,noaa_gefs,25,WindSpeed_ms_mean,25,8.727689670673977
gep25,00,2023-11-27,2023-12-23,gcrew,noaa_gefs,25,AirTemp_C_mean,26,6.719461059570335
gep25,00,2023-11-27,2023-12-23,gcrew,noaa_gefs,25,RH_percent_mean,26,62.82187747955322
gep25,00,2023-11-27,2023-12-23,gcrew,noaa_gefs,25,Rain_mm_sum,26,0
gep25,00,2023-11-27,2023-12-23,gcrew,noaa_gefs,25,ShortwaveRadiation_Wm2,26,87.5
gep25,00,2023-11-27,2023-12-23,gcrew,noaa_gefs,25,WindSpeed_ms_mean,26,2.369054386272265
gep25,00,2023-11-27,2023-12-24,gcrew,noaa_gefs,25,AirTemp_C_mean,27,5.3032699584961165
gep25,00,2023-11-27,2023-12-24,gcrew,noaa_gefs,25,RH_percent_mean,27,81.36386299133301
gep25,00,2023-11-27,2023-12-24,gcrew,noaa_gefs,25,Rain_mm_sum,27,28.30000114440918
gep25,00,2023-11-27,2023-12-24,gcrew,noaa_gefs,25,ShortwaveRadiation_Wm2,27,57.5
gep25,00,2023-11-27,2023-12-24,gcrew,noaa_gefs,25,WindSpeed_ms_mean,27,4.459078748032569
gep25,00,2023-11-27,2023-12-25,gcrew,noaa_gefs,25,AirTemp_C_mean,28,5.13581237792971
gep25,00,2023-11-27,2023-12-25,gcrew,noaa_gefs,25,RH_percent_mean,28,81.22675704956055
gep25,00,2023-11-27,2023-12-25,gcrew,noaa_gefs,25,Rain_mm_sum,28,1.4999999776482582
gep25,00,2023-11-27,2023-12-25,gcrew,noaa_gefs,25,ShortwaveRadiation_Wm2,28,35
gep25,00,2023-11-27,2023-12-25,gcrew,noaa_gefs,25,WindSpeed_ms_mean,28,4.003474868197337
gep25,00,2023-11-27,2023-12-26,gcrew,noaa_gefs,25,AirTemp_C_mean,29,4.564202880859398
gep25,00,2023-11-27,2023-12-26,gcrew,noaa_gefs,25,RH_percent_mean,29,65.44478416442871
gep25,00,2023-11-27,2023-12-26,gcrew,noaa_gefs,25,Rain_mm_sum,29,0.6000000238418579
gep25,00,2023-11-27,2023-12-26,gcrew,noaa_gefs,25,ShortwaveRadiation_Wm2,29,95
gep25,00,2023-11-27,2023-12-26,gcrew,noaa_gefs,25,WindSpeed_ms_mean,29,4.794088178148612
gep25,00,2023-11-27,2023-12-27,gcrew,noaa_gefs,25,AirTemp_C_mean,30,2.5684982299804915
gep25,00,2023-11-27,2023-12-27,gcrew,noaa_gefs,25,RH_percent_mean,30,61.19670581817627
gep25,00,2023-11-27,2023-12-27,gcrew,noaa_gefs,25,Rain_mm_sum,30,0.20000000298023224
gep25,00,2023-11-27,2023-12-27,gcrew,noaa_gefs,25,ShortwaveRadiation_Wm2,30,103
gep25,00,2023-11-27,2023-12-27,gcrew,noaa_gefs,25,WindSpeed_ms_mean,30,7.929123668297478
gep25,00,2023-11-27,2023-12-28,gcrew,noaa_gefs,25,AirTemp_C_mean,31,0.24892578125002274
gep25,00,2023-11-27,2023-12-28,gcrew,noaa_gefs,25,RH_percent_mean,31,54.894179344177246
gep25,00,2023-11-27,2023-12-28,gcrew,noaa_gefs,25,Rain_mm_sum,31,0
gep25,00,2023-11-27,2023-12-28,gcrew,noaa_gefs,25,ShortwaveRadiation_Wm2,31,107.5
gep25,00,2023-11-27,2023-12-28,gcrew,noaa_gefs,25,WindSpeed_ms_mean,31,8.369389072984506
gep25,00,2023-11-27,2023-12-29,gcrew,noaa_gefs,25,AirTemp_C_mean,32,2.135316467285179
gep25,00,2023-11-27,2023-12-29,gcrew,noaa_gefs,25,RH_percent_mean,32,49.380462646484375
gep25,00,2023-11-27,2023-12-29,gcrew,noaa_gefs,25,Rain_mm_sum,32,0
gep25,00,2023-11-27,2023-12-29,gcrew,noaa_gefs,25,ShortwaveRadiation_Wm2,32,100
gep25,00,2023-11-27,2023-12-29,gcrew,noaa_gefs,25,WindSpeed_ms_mean,32,4.864784430286628
gep25,00,2023-11-27,2023-12-30,gcrew,noaa_gefs,25,AirTemp_C_mean,33,2.2571350097656477
gep25,00,2023-11-27,2023-12-30,gcrew,noaa_gefs,25,RH_percent_mean,33,58.125136375427246
gep25,00,2023-11-27,2023-12-30,gcrew,noaa_gefs,25,Rain_mm_sum,33,0
gep25,00,2023-11-27,2023-12-30,gcrew,noaa_gefs,25,ShortwaveRadiation_Wm2,33,105
gep25,00,2023-11-27,2023-12-30,gcrew,noaa_gefs,25,WindSpeed_ms_mean,33,8.121758892113014
gep25,00,2023-11-27,2023-12-31,gcrew,noaa_gefs,25,AirTemp_C_mean,34,0.35221252441408524
gep25,00,2023-11-27,2023-12-31,gcrew,noaa_gefs,25,RH_percent_mean,34,59.313002586364746
gep25,00,2023-11-27,2023-12-31,gcrew,noaa_gefs,25,Rain_mm_sum,34,0
gep25,00,2023-11-27,2023-12-31,gcrew,noaa_gefs,25,ShortwaveRadiation_Wm2,34,110
gep25,00,2023-11-27,2023-12-31,gcrew,noaa_gefs,25,WindSpeed_ms_mean,34,7.684706090714355
gep25,00,2023-11-27,2024-01-01,gcrew,noaa_gefs,25,AirTemp_C_mean,35,0.9818664550781477
gep25,00,2023-11-27,2024-01-01,gcrew,noaa_gefs,25,RH_percent_mean,35,55.25293731689453
gep25,00,2023-11-27,2024-01-01,gcrew,noaa_gefs,25,Rain_mm_sum,35,0
gep25,00,2023-11-27,2024-01-01,gcrew,noaa_gefs,25,ShortwaveRadiation_Wm2,35,150
gep25,00,2023-11-27,2024-01-01,gcrew,noaa_gefs,25,WindSpeed_ms_mean,35,5.577020295958797
gep26,00,2023-11-27,2023-11-27,gcrew,noaa_gefs,26,AirTemp_C_mean,0,7.930160958426362
gep26,00,2023-11-27,2023-11-27,gcrew,noaa_gefs,26,RH_percent_mean,0,65.77873774937221
gep26,00,2023-11-27,2023-11-27,gcrew,noaa_gefs,26,Rain_mm_sum,0,1.409999966621399
gep26,00,2023-11-27,2023-11-27,gcrew,noaa_gefs,26,ShortwaveRadiation_Wm2,0,120
gep26,00,2023-11-27,2023-11-27,gcrew,noaa_gefs,26,WindSpeed_ms_mean,0,6.98831636820665
gep26,00,2023-11-27,2023-11-28,gcrew,noaa_gefs,26,AirTemp_C_mean,1,3.143903350830101
gep26,00,2023-11-27,2023-11-28,gcrew,noaa_gefs,26,RH_percent_mean,1,51.75671911239624
gep26,00,2023-11-27,2023-11-28,gcrew,noaa_gefs,26,Rain_mm_sum,1,0
gep26,00,2023-11-27,2023-11-28,gcrew,noaa_gefs,26,ShortwaveRadiation_Wm2,1,117.25
gep26,00,2023-11-27,2023-11-28,gcrew,noaa_gefs,26,WindSpeed_ms_mean,1,8.719262777459525
gep26,00,2023-11-27,2023-11-29,gcrew,noaa_gefs,26,AirTemp_C_mean,2,0.5654579162597884
gep26,00,2023-11-27,2023-11-29,gcrew,noaa_gefs,26,RH_percent_mean,2,45.022233963012695
gep26,00,2023-11-27,2023-11-29,gcrew,noaa_gefs,26,Rain_mm_sum,2,0
gep26,00,2023-11-27,2023-11-29,gcrew,noaa_gefs,26,ShortwaveRadiation_Wm2,2,123.75
gep26,00,2023-11-27,2023-11-29,gcrew,noaa_gefs,26,WindSpeed_ms_mean,2,6.168336011919848
gep26,00,2023-11-27,2023-11-30,gcrew,noaa_gefs,26,AirTemp_C_mean,3,5.442548370361351
gep26,00,2023-11-27,2023-11-30,gcrew,noaa_gefs,26,RH_percent_mean,3,51.092037200927734
gep26,00,2023-11-27,2023-11-30,gcrew,noaa_gefs,26,Rain_mm_sum,3,0
gep26,00,2023-11-27,2023-11-30,gcrew,noaa_gefs,26,ShortwaveRadiation_Wm2,3,115
gep26,00,2023-11-27,2023-11-30,gcrew,noaa_gefs,26,WindSpeed_ms_mean,3,4.647622723424587
gep26,00,2023-11-27,2023-12-01,gcrew,noaa_gefs,26,AirTemp_C_mean,4,9.021810150146507
gep26,00,2023-11-27,2023-12-01,gcrew,noaa_gefs,26,RH_percent_mean,4,66.71106433868408
gep26,00,2023-11-27,2023-12-01,gcrew,noaa_gefs,26,Rain_mm_sum,4,0.9099999666213989
gep26,00,2023-11-27,2023-12-01,gcrew,noaa_gefs,26,ShortwaveRadiation_Wm2,4,56.25
gep26,00,2023-11-27,2023-12-01,gcrew,noaa_gefs,26,WindSpeed_ms_mean,4,5.704241102456863
gep26,00,2023-11-27,2023-12-02,gcrew,noaa_gefs,26,AirTemp_C_mean,5,11.22754821777346
gep26,00,2023-11-27,2023-12-02,gcrew,noaa_gefs,26,RH_percent_mean,5,89.3065881729126
gep26,00,2023-11-27,2023-12-02,gcrew,noaa_gefs,26,Rain_mm_sum,5,2.1299999933689833
gep26,00,2023-11-27,2023-12-02,gcrew,noaa_gefs,26,ShortwaveRadiation_Wm2,5,68.75
gep26,00,2023-11-27,2023-12-02,gcrew,noaa_gefs,26,WindSpeed_ms_mean,5,3.257810854788391
gep26,00,2023-11-27,2023-12-03,gcrew,noaa_gefs,26,AirTemp_C_mean,6,11.987805938720726
gep26,00,2023-11-27,2023-12-03,gcrew,noaa_gefs,26,RH_percent_mean,6,95.10680103302002
gep26,00,2023-11-27,2023-12-03,gcrew,noaa_gefs,26,Rain_mm_sum,6,40.17000102996826
gep26,00,2023-11-27,2023-12-03,gcrew,noaa_gefs,26,ShortwaveRadiation_Wm2,6,25
gep26,00,2023-11-27,2023-12-03,gcrew,noaa_gefs,26,WindSpeed_ms_mean,6,3.011062993601093
gep26,00,2023-11-27,2023-12-04,gcrew,noaa_gefs,26,AirTemp_C_mean,7,10.208066558837913
gep26,00,2023-11-27,2023-12-04,gcrew,noaa_gefs,26,RH_percent_mean,7,69.40479469299316
gep26,00,2023-11-27,2023-12-04,gcrew,noaa_gefs,26,Rain_mm_sum,7,0.10000000149011612
gep26,00,2023-11-27,2023-12-04,gcrew,noaa_gefs,26,ShortwaveRadiation_Wm2,7,83.75
gep26,00,2023-11-27,2023-12-04,gcrew,noaa_gefs,26,WindSpeed_ms_mean,7,4.650060705382802
gep26,00,2023-11-27,2023-12-05,gcrew,noaa_gefs,26,AirTemp_C_mean,8,7.09925231933596
gep26,00,2023-11-27,2023-12-05,gcrew,noaa_gefs,26,RH_percent_mean,8,59.26151514053345
gep26,00,2023-11-27,2023-12-05,gcrew,noaa_gefs,26,Rain_mm_sum,8,0
gep26,00,2023-11-27,2023-12-05,gcrew,noaa_gefs,26,ShortwaveRadiation_Wm2,8,90
gep26,00,2023-11-27,2023-12-05,gcrew,noaa_gefs,26,WindSpeed_ms_mean,8,4.769365907420658
gep26,00,2023-11-27,2023-12-06,gcrew,noaa_gefs,26,AirTemp_C_mean,9,5.801030731201195
gep26,00,2023-11-27,2023-12-06,gcrew,noaa_gefs,26,RH_percent_mean,9,66.42868709564209
gep26,00,2023-11-27,2023-12-06,gcrew,noaa_gefs,26,Rain_mm_sum,9,0.10000000149011612
gep26,00,2023-11-27,2023-12-06,gcrew,noaa_gefs,26,ShortwaveRadiation_Wm2,9,73.75
gep26,00,2023-11-27,2023-12-06,gcrew,noaa_gefs,26,WindSpeed_ms_mean,9,5.121497430910974
gep26,00,2023-11-27,2023-12-07,gcrew,noaa_gefs,26,AirTemp_C_mean,10,4.628167724609398
gep26,00,2023-11-27,2023-12-07,gcrew,noaa_gefs,26,RH_percent_mean,10,60.15670585632324
gep26,00,2023-11-27,2023-12-07,gcrew,noaa_gefs,26,Rain_mm_sum,10,0.10000000149011612
gep26,00,2023-11-27,2023-12-07,gcrew,noaa_gefs,26,ShortwaveRadiation_Wm2,10,80
gep26,00,2023-11-27,2023-12-07,gcrew,noaa_gefs,26,WindSpeed_ms_mean,10,6.409377329262826
gep26,00,2023-11-27,2023-12-08,gcrew,noaa_gefs,26,AirTemp_C_mean,11,7.60364685058596
gep26,00,2023-11-27,2023-12-08,gcrew,noaa_gefs,26,RH_percent_mean,11,60.32244300842285
gep26,00,2023-11-27,2023-12-08,gcrew,noaa_gefs,26,Rain_mm_sum,11,0
gep26,00,2023-11-27,2023-12-08,gcrew,noaa_gefs,26,ShortwaveRadiation_Wm2,11,85
gep26,00,2023-11-27,2023-12-08,gcrew,noaa_gefs,26,WindSpeed_ms_mean,11,2.9631373493483464
gep26,00,2023-11-27,2023-12-09,gcrew,noaa_gefs,26,AirTemp_C_mean,12,9.189378356933616
gep26,00,2023-11-27,2023-12-09,gcrew,noaa_gefs,26,RH_percent_mean,12,70.98326873779297
gep26,00,2023-11-27,2023-12-09,gcrew,noaa_gefs,26,Rain_mm_sum,12,0
gep26,00,2023-11-27,2023-12-09,gcrew,noaa_gefs,26,ShortwaveRadiation_Wm2,12,92.5
gep26,00,2023-11-27,2023-12-09,gcrew,noaa_gefs,26,WindSpeed_ms_mean,12,4.254736907169081
gep26,00,2023-11-27,2023-12-10,gcrew,noaa_gefs,26,AirTemp_C_mean,13,12.441644287109398
gep26,00,2023-11-27,2023-12-10,gcrew,noaa_gefs,26,RH_percent_mean,13,82.82262802124023
gep26,00,2023-11-27,2023-12-10,gcrew,noaa_gefs,26,Rain_mm_sum,13,0.800000011920929
gep26,00,2023-11-27,2023-12-10,gcrew,noaa_gefs,26,ShortwaveRadiation_Wm2,13,52.5
gep26,00,2023-11-27,2023-12-10,gcrew,noaa_gefs,26,WindSpeed_ms_mean,13,7.214954621995648
gep26,00,2023-11-27,2023-12-11,gcrew,noaa_gefs,26,AirTemp_C_mean,14,8.196138000488304
gep26,00,2023-11-27,2023-12-11,gcrew,noaa_gefs,26,RH_percent_mean,14,67.96190357208252
gep26,00,2023-11-27,2023-12-11,gcrew,noaa_gefs,26,Rain_mm_sum,14,36.89999961853027
gep26,00,2023-11-27,2023-12-11,gcrew,noaa_gefs,26,ShortwaveRadiation_Wm2,14,77.5
gep26,00,2023-11-27,2023-12-11,gcrew,noaa_gefs,26,WindSpeed_ms_mean,14,9.841349318979457
gep26,00,2023-11-27,2023-12-12,gcrew,noaa_gefs,26,AirTemp_C_mean,15,4.513063049316429
gep26,00,2023-11-27,2023-12-12,gcrew,noaa_gefs,26,RH_percent_mean,15,51.38350963592529
gep26,00,2023-11-27,2023-12-12,gcrew,noaa_gefs,26,Rain_mm_sum,15,0
gep26,00,2023-11-27,2023-12-12,gcrew,noaa_gefs,26,ShortwaveRadiation_Wm2,15,115
gep26,00,2023-11-27,2023-12-12,gcrew,noaa_gefs,26,WindSpeed_ms_mean,15,6.445321660564322
gep26,00,2023-11-27,2023-12-13,gcrew,noaa_gefs,26,AirTemp_C_mean,16,6.0189071655273665
gep26,00,2023-11-27,2023-12-13,gcrew,noaa_gefs,26,RH_percent_mean,16,54.307085037231445
gep26,00,2023-11-27,2023-12-13,gcrew,noaa_gefs,26,Rain_mm_sum,16,0
gep26,00,2023-11-27,2023-12-13,gcrew,noaa_gefs,26,ShortwaveRadiation_Wm2,16,95
gep26,00,2023-11-27,2023-12-13,gcrew,noaa_gefs,26,WindSpeed_ms_mean,16,4.919506652192801
gep26,00,2023-11-27,2023-12-14,gcrew,noaa_gefs,26,AirTemp_C_mean,17,1.9536911010742415
gep26,00,2023-11-27,2023-12-14,gcrew,noaa_gefs,26,RH_percent_mean,17,54.30481147766113
gep26,00,2023-11-27,2023-12-14,gcrew,noaa_gefs,26,Rain_mm_sum,17,0
gep26,00,2023-11-27,2023-12-14,gcrew,noaa_gefs,26,ShortwaveRadiation_Wm2,17,102.5
gep26,00,2023-11-27,2023-12-14,gcrew,noaa_gefs,26,WindSpeed_ms_mean,17,6.970441376959462
gep26,00,2023-11-27,2023-12-15,gcrew,noaa_gefs,26,AirTemp_C_mean,18,4.5534530639648665
gep26,00,2023-11-27,2023-12-15,gcrew,noaa_gefs,26,RH_percent_mean,18,48.15119743347168
gep26,00,2023-11-27,2023-12-15,gcrew,noaa_gefs,26,Rain_mm_sum,18,0
gep26,00,2023-11-27,2023-12-15,gcrew,noaa_gefs,26,ShortwaveRadiation_Wm2,18,110
gep26,00,2023-11-27,2023-12-15,gcrew,noaa_gefs,26,WindSpeed_ms_mean,18,6.043071901033547
gep26,00,2023-11-27,2023-12-16,gcrew,noaa_gefs,26,AirTemp_C_mean,19,7.143457031250023
gep26,00,2023-11-27,2023-12-16,gcrew,noaa_gefs,26,RH_percent_mean,19,52.20172309875488
gep26,00,2023-11-27,2023-12-16,gcrew,noaa_gefs,26,Rain_mm_sum,19,0
gep26,00,2023-11-27,2023-12-16,gcrew,noaa_gefs,26,ShortwaveRadiation_Wm2,19,111.5
gep26,00,2023-11-27,2023-12-16,gcrew,noaa_gefs,26,WindSpeed_ms_mean,19,5.818199168438026
gep26,00,2023-11-27,2023-12-17,gcrew,noaa_gefs,26,AirTemp_C_mean,20,6.060304260253929
gep26,00,2023-11-27,2023-12-17,gcrew,noaa_gefs,26,RH_percent_mean,20,73.71020603179932
gep26,00,2023-11-27,2023-12-17,gcrew,noaa_gefs,26,Rain_mm_sum,20,0
gep26,00,2023-11-27,2023-12-17,gcrew,noaa_gefs,26,ShortwaveRadiation_Wm2,20,67.5
gep26,00,2023-11-27,2023-12-17,gcrew,noaa_gefs,26,WindSpeed_ms_mean,20,4.95647322638626
gep26,00,2023-11-27,2023-12-18,gcrew,noaa_gefs,26,AirTemp_C_mean,21,7.519563293457054
gep26,00,2023-11-27,2023-12-18,gcrew,noaa_gefs,26,RH_percent_mean,21,87.2380199432373
gep26,00,2023-11-27,2023-12-18,gcrew,noaa_gefs,26,Rain_mm_sum,21,14.800000309944153
gep26,00,2023-11-27,2023-12-18,gcrew,noaa_gefs,26,ShortwaveRadiation_Wm2,21,10
gep26,00,2023-11-27,2023-12-18,gcrew,noaa_gefs,26,WindSpeed_ms_mean,21,6.641896038089156
gep26,00,2023-11-27,2023-12-19,gcrew,noaa_gefs,26,AirTemp_C_mean,22,7.543115234375023
gep26,00,2023-11-27,2023-12-19,gcrew,noaa_gefs,26,RH_percent_mean,22,82.2885913848877
gep26,00,2023-11-27,2023-12-19,gcrew,noaa_gefs,26,Rain_mm_sum,22,7.600000008940697
gep26,00,2023-11-27,2023-12-19,gcrew,noaa_gefs,26,ShortwaveRadiation_Wm2,22,42.5
gep26,00,2023-11-27,2023-12-19,gcrew,noaa_gefs,26,WindSpeed_ms_mean,22,5.825227171579426
gep26,00,2023-11-27,2023-12-20,gcrew,noaa_gefs,26,AirTemp_C_mean,23,8.987573242187523
gep26,00,2023-11-27,2023-12-20,gcrew,noaa_gefs,26,RH_percent_mean,23,80.18497467041016
gep26,00,2023-11-27,2023-12-20,gcrew,noaa_gefs,26,Rain_mm_sum,23,0.30000000447034836
gep26,00,2023-11-27,2023-12-20,gcrew,noaa_gefs,26,ShortwaveRadiation_Wm2,23,42.5
gep26,00,2023-11-27,2023-12-20,gcrew,noaa_gefs,26,WindSpeed_ms_mean,23,4.078718289512819
gep26,00,2023-11-27,2023-12-21,gcrew,noaa_gefs,26,AirTemp_C_mean,24,8.525712585449241
gep26,00,2023-11-27,2023-12-21,gcrew,noaa_gefs,26,RH_percent_mean,24,76.58914756774902
gep26,00,2023-11-27,2023-12-21,gcrew,noaa_gefs,26,Rain_mm_sum,24,36.49999952316284
gep26,00,2023-11-27,2023-12-21,gcrew,noaa_gefs,26,ShortwaveRadiation_Wm2,24,75
gep26,00,2023-11-27,2023-12-21,gcrew,noaa_gefs,26,WindSpeed_ms_mean,24,11.62732320451973
gep26,00,2023-11-27,2023-12-22,gcrew,noaa_gefs,26,AirTemp_C_mean,25,6.965997314453148
gep26,00,2023-11-27,2023-12-22,gcrew,noaa_gefs,26,RH_percent_mean,25,62.65604782104492
gep26,00,2023-11-27,2023-12-22,gcrew,noaa_gefs,26,Rain_mm_sum,25,0
gep26,00,2023-11-27,2023-12-22,gcrew,noaa_gefs,26,ShortwaveRadiation_Wm2,25,110
gep26,00,2023-11-27,2023-12-22,gcrew,noaa_gefs,26,WindSpeed_ms_mean,25,8.727689670673977
gep26,00,2023-11-27,2023-12-23,gcrew,noaa_gefs,26,AirTemp_C_mean,26,6.719461059570335
gep26,00,2023-11-27,2023-12-23,gcrew,noaa_gefs,26,RH_percent_mean,26,62.82187747955322
gep26,00,2023-11-27,2023-12-23,gcrew,noaa_gefs,26,Rain_mm_sum,26,0
gep26,00,2023-11-27,2023-12-23,gcrew,noaa_gefs,26,ShortwaveRadiation_Wm2,26,87.5
gep26,00,2023-11-27,2023-12-23,gcrew,noaa_gefs,26,WindSpeed_ms_mean,26,2.369054386272265
gep26,00,2023-11-27,2023-12-24,gcrew,noaa_gefs,26,AirTemp_C_mean,27,5.3032699584961165
gep26,00,2023-11-27,2023-12-24,gcrew,noaa_gefs,26,RH_percent_mean,27,81.36386299133301
gep26,00,2023-11-27,2023-12-24,gcrew,noaa_gefs,26,Rain_mm_sum,27,28.30000114440918
gep26,00,2023-11-27,2023-12-24,gcrew,noaa_gefs,26,ShortwaveRadiation_Wm2,27,57.5
gep26,00,2023-11-27,2023-12-24,gcrew,noaa_gefs,26,WindSpeed_ms_mean,27,4.459078748032569
gep26,00,2023-11-27,2023-12-25,gcrew,noaa_gefs,26,AirTemp_C_mean,28,5.13581237792971
gep26,00,2023-11-27,2023-12-25,gcrew,noaa_gefs,26,RH_percent_mean,28,81.22675704956055
gep26,00,2023-11-27,2023-12-25,gcrew,noaa_gefs,26,Rain_mm_sum,28,1.4999999776482582
gep26,00,2023-11-27,2023-12-25,gcrew,noaa_gefs,26,ShortwaveRadiation_Wm2,28,35
gep26,00,2023-11-27,2023-12-25,gcrew,noaa_gefs,26,WindSpeed_ms_mean,28,4.003474868197337
gep26,00,2023-11-27,2023-12-26,gcrew,noaa_gefs,26,AirTemp_C_mean,29,4.564202880859398
gep26,00,2023-11-27,2023-12-26,gcrew,noaa_gefs,26,RH_percent_mean,29,65.44478416442871
gep26,00,2023-11-27,2023-12-26,gcrew,noaa_gefs,26,Rain_mm_sum,29,0.6000000238418579
gep26,00,2023-11-27,2023-12-26,gcrew,noaa_gefs,26,ShortwaveRadiation_Wm2,29,95
gep26,00,2023-11-27,2023-12-26,gcrew,noaa_gefs,26,WindSpeed_ms_mean,29,4.794088178148612
gep26,00,2023-11-27,2023-12-27,gcrew,noaa_gefs,26,AirTemp_C_mean,30,2.5684982299804915
gep26,00,2023-11-27,2023-12-27,gcrew,noaa_gefs,26,RH_percent_mean,30,61.19670581817627
gep26,00,2023-11-27,2023-12-27,gcrew,noaa_gefs,26,Rain_mm_sum,30,0.20000000298023224
gep26,00,2023-11-27,2023-12-27,gcrew,noaa_gefs,26,ShortwaveRadiation_Wm2,30,103
gep26,00,2023-11-27,2023-12-27,gcrew,noaa_gefs,26,WindSpeed_ms_mean,30,7.929123668297478
gep26,00,2023-11-27,2023-12-28,gcrew,noaa_gefs,26,AirTemp_C_mean,31,0.24892578125002274
gep26,00,2023-11-27,2023-12-28,gcrew,noaa_gefs,26,RH_percent_mean,31,54.894179344177246
gep26,00,2023-11-27,2023-12-28,gcrew,noaa_gefs,26,Rain_mm_sum,31,0
gep26,00,2023-11-27,2023-12-28,gcrew,noaa_gefs,26,ShortwaveRadiation_Wm2,31,107.5
gep26,00,2023-11-27,2023-12-28,gcrew,noaa_gefs,26,WindSpeed_ms_mean,31,8.369389072984506
gep26,00,2023-11-27,2023-12-29,gcrew,noaa_gefs,26,AirTemp_C_mean,32,2.135316467285179
gep26,00,2023-11-27,2023-12-29,gcrew,noaa_gefs,26,RH_percent_mean,32,49.380462646484375
gep26,00,2023-11-27,2023-12-29,gcrew,noaa_gefs,26,Rain_mm_sum,32,0
gep26,00,2023-11-27,2023-12-29,gcrew,noaa_gefs,26,ShortwaveRadiation_Wm2,32,100
gep26,00,2023-11-27,2023-12-29,gcrew,noaa_gefs,26,WindSpeed_ms_mean,32,4.864784430286628
gep26,00,2023-11-27,2023-12-30,gcrew,noaa_gefs,26,AirTemp_C_mean,33,2.2571350097656477
gep26,00,2023-11-27,2023-12-30,gcrew,noaa_gefs,26,RH_percent_mean,33,58.125136375427246
gep26,00,2023-11-27,2023-12-30,gcrew,noaa_gefs,26,Rain_mm_sum,33,0
gep26,00,2023-11-27,2023-12-30,gcrew,noaa_gefs,26,ShortwaveRadiation_Wm2,33,105
gep26,00,2023-11-27,2023-12-30,gcrew,noaa_gefs,26,WindSpeed_ms_mean,33,8.121758892113014
gep26,00,2023-11-27,2023-12-31,gcrew,noaa_gefs,26,AirTemp_C_mean,34,0.35221252441408524
gep26,00,2023-11-27,2023-12-31,gcrew,noaa_gefs,26,RH_percent_mean,34,59.313002586364746
gep26,00,2023-11-27,2023-12-31,gcrew,noaa_gefs,26,Rain_mm_sum,34,0
gep26,00,2023-11-27,2023-12-31,gcrew,noaa_gefs,26,ShortwaveRadiation_Wm2,34,110
gep26,00,2023-11-27,2023-12-31,gcrew,noaa_gefs,26,WindSpeed_ms_mean,34,7.684706090714355
gep26,00,2023-11-27,2024-01-01,gcrew,noaa_gefs,26,AirTemp_C_mean,35,0.9818664550781477
gep26,00,2023-11-27,2024-01-01,gcrew,noaa_gefs,26,RH_percent_mean,35,55.25293731689453
gep26,00,2023-11-27,2024-01-01,gcrew,noaa_gefs,26,Rain_mm_sum,35,0
gep26,00,2023-11-27,2024-01-01,gcrew,noaa_gefs,26,ShortwaveRadiation_Wm2,35,150
gep26,00,2023-11-27,2024-01-01,gcrew,noaa_gefs,26,WindSpeed_ms_mean,35,5.577020295958797
gep27,00,2023-11-27,2023-11-27,gcrew,noaa_gefs,27,AirTemp_C_mean,0,7.930160958426362
gep27,00,2023-11-27,2023-11-27,gcrew,noaa_gefs,27,RH_percent_mean,0,65.77873774937221
gep27,00,2023-11-27,2023-11-27,gcrew,noaa_gefs,27,Rain_mm_sum,0,1.409999966621399
gep27,00,2023-11-27,2023-11-27,gcrew,noaa_gefs,27,ShortwaveRadiation_Wm2,0,120
gep27,00,2023-11-27,2023-11-27,gcrew,noaa_gefs,27,WindSpeed_ms_mean,0,6.98831636820665
gep27,00,2023-11-27,2023-11-28,gcrew,noaa_gefs,27,AirTemp_C_mean,1,3.143903350830101
gep27,00,2023-11-27,2023-11-28,gcrew,noaa_gefs,27,RH_percent_mean,1,51.75671911239624
gep27,00,2023-11-27,2023-11-28,gcrew,noaa_gefs,27,Rain_mm_sum,1,0
gep27,00,2023-11-27,2023-11-28,gcrew,noaa_gefs,27,ShortwaveRadiation_Wm2,1,117.25
gep27,00,2023-11-27,2023-11-28,gcrew,noaa_gefs,27,WindSpeed_ms_mean,1,8.719262777459525
gep27,00,2023-11-27,2023-11-29,gcrew,noaa_gefs,27,AirTemp_C_mean,2,0.5654579162597884
gep27,00,2023-11-27,2023-11-29,gcrew,noaa_gefs,27,RH_percent_mean,2,45.022233963012695
gep27,00,2023-11-27,2023-11-29,gcrew,noaa_gefs,27,Rain_mm_sum,2,0
gep27,00,2023-11-27,2023-11-29,gcrew,noaa_gefs,27,ShortwaveRadiation_Wm2,2,123.75
gep27,00,2023-11-27,2023-11-29,gcrew,noaa_gefs,27,WindSpeed_ms_mean,2,6.168336011919848
gep27,00,2023-11-27,2023-11-30,gcrew,noaa_gefs,27,AirTemp_C_mean,3,5.442548370361351
gep27,00,2023-11-27,2023-11-30,gcrew,noaa_gefs,27,RH_percent_mean,3,51.092037200927734
gep27,00,2023-11-27,2023-11-30,gcrew,noaa_gefs,27,Rain_mm_sum,3,0
gep27,00,2023-11-27,2023-11-30,gcrew,noaa_gefs,27,ShortwaveRadiation_Wm2,3,115
gep27,00,2023-11-27,2023-11-30,gcrew,noaa_gefs,27,WindSpeed_ms_mean,3,4.647622723424587
gep27,00,2023-11-27,2023-12-01,gcrew,noaa_gefs,27,AirTemp_C_mean,4,9.021810150146507
gep27,00,2023-11-27,2023-12-01,gcrew,noaa_gefs,27,RH_percent_mean,4,66.71106433868408
gep27,00,2023-11-27,2023-12-01,gcrew,noaa_gefs,27,Rain_mm_sum,4,0.9099999666213989
gep27,00,2023-11-27,2023-12-01,gcrew,noaa_gefs,27,ShortwaveRadiation_Wm2,4,56.25
gep27,00,2023-11-27,2023-12-01,gcrew,noaa_gefs,27,WindSpeed_ms_mean,4,5.704241102456863
gep27,00,2023-11-27,2023-12-02,gcrew,noaa_gefs,27,AirTemp_C_mean,5,11.22754821777346
gep27,00,2023-11-27,2023-12-02,gcrew,noaa_gefs,27,RH_percent_mean,5,89.3065881729126
gep27,00,2023-11-27,2023-12-02,gcrew,noaa_gefs,27,Rain_mm_sum,5,2.1299999933689833
gep27,00,2023-11-27,2023-12-02,gcrew,noaa_gefs,27,ShortwaveRadiation_Wm2,5,68.75
gep27,00,2023-11-27,2023-12-02,gcrew,noaa_gefs,27,WindSpeed_ms_mean,5,3.257810854788391
gep27,00,2023-11-27,2023-12-03,gcrew,noaa_gefs,27,AirTemp_C_mean,6,11.987805938720726
gep27,00,2023-11-27,2023-12-03,gcrew,noaa_gefs,27,RH_percent_mean,6,95.10680103302002
gep27,00,2023-11-27,2023-12-03,gcrew,noaa_gefs,27,Rain_mm_sum,6,40.17000102996826
gep27,00,2023-11-27,2023-12-03,gcrew,noaa_gefs,27,ShortwaveRadiation_Wm2,6,25
gep27,00,2023-11-27,2023-12-03,gcrew,noaa_gefs,27,WindSpeed_ms_mean,6,3.011062993601093
gep27,00,2023-11-27,2023-12-04,gcrew,noaa_gefs,27,AirTemp_C_mean,7,10.208066558837913
gep27,00,2023-11-27,2023-12-04,gcrew,noaa_gefs,27,RH_percent_mean,7,69.40479469299316
gep27,00,2023-11-27,2023-12-04,gcrew,noaa_gefs,27,Rain_mm_sum,7,0.10000000149011612
gep27,00,2023-11-27,2023-12-04,gcrew,noaa_gefs,27,ShortwaveRadiation_Wm2,7,83.75
gep27,00,2023-11-27,2023-12-04,gcrew,noaa_gefs,27,WindSpeed_ms_mean,7,4.650060705382802
gep27,00,2023-11-27,2023-12-05,gcrew,noaa_gefs,27,AirTemp_C_mean,8,7.09925231933596
gep27,00,2023-11-27,2023-12-05,gcrew,noaa_gefs,27,RH_percent_mean,8,59.26151514053345
gep27,00,2023-11-27,2023-12-05,gcrew,noaa_gefs,27,Rain_mm_sum,8,0
gep27,00,2023-11-27,2023-12-05,gcrew,noaa_gefs,27,ShortwaveRadiation_Wm2,8,90
gep27,00,2023-11-27,2023-12-05,gcrew,noaa_gefs,27,WindSpeed_ms_mean,8,4.769365907420658
gep27,00,2023-11-27,2023-12-06,gcrew,noaa_gefs,27,AirTemp_C_mean,9,5.801030731201195
gep27,00,2023-11-27,2023-12-06,gcrew,noaa_gefs,27,RH_percent_mean,9,66.42868709564209
gep27,00,2023-11-27,2023-12-06,gcrew,noaa_gefs,27,Rain_mm_sum,9,0.10000000149011612
gep27,00,2023-11-27,2023-12-06,gcrew,noaa_gefs,27,ShortwaveRadiation_Wm2,9,73.75
gep27,00,2023-11-27,2023-12-06,gcrew,noaa_gefs,27,WindSpeed_ms_mean,9,5.121497430910974
gep27,00,2023-11-27,2023-12-07,gcrew,noaa_gefs,27,AirTemp_C_mean,10,4.628167724609398
gep27,00,2023-11-27,2023-12-07,gcrew,noaa_gefs,27,RH_percent_mean,10,60.15670585632324
gep27,00,2023-11-27,2023-12-07,gcrew,noaa_gefs,27,Rain_mm_sum,10,0.10000000149011612
gep27,00,2023-11-27,2023-12-07,gcrew,noaa_gefs,27,ShortwaveRadiation_Wm2,10,80
gep27,00,2023-11-27,2023-12-07,gcrew,noaa_gefs,27,WindSpeed_ms_mean,10,6.409377329262826
gep27,00,2023-11-27,2023-12-08,gcrew,noaa_gefs,27,AirTemp_C_mean,11,7.60364685058596
gep27,00,2023-11-27,2023-12-08,gcrew,noaa_gefs,27,RH_percent_mean,11,60.32244300842285
gep27,00,2023-11-27,2023-12-08,gcrew,noaa_gefs,27,Rain_mm_sum,11,0
gep27,00,2023-11-27,2023-12-08,gcrew,noaa_gefs,27,ShortwaveRadiation_Wm2,11,85
gep27,00,2023-11-27,2023-12-08,gcrew,noaa_gefs,27,WindSpeed_ms_mean,11,2.9631373493483464
gep27,00,2023-11-27,2023-12-09,gcrew,noaa_gefs,27,AirTemp_C_mean,12,9.189378356933616
gep27,00,2023-11-27,2023-12-09,gcrew,noaa_gefs,27,RH_percent_mean,12,70.98326873779297
gep27,00,2023-11-27,2023-12-09,gcrew,noaa_gefs,27,Rain_mm_sum,12,0
gep27,00,2023-11-27,2023-12-09,gcrew,noaa_gefs,27,ShortwaveRadiation_Wm2,12,92.5
gep27,00,2023-11-27,2023-12-09,gcrew,noaa_gefs,27,WindSpeed_ms_mean,12,4.254736907169081
gep27,00,2023-11-27,2023-12-10,gcrew,noaa_gefs,27,AirTemp_C_mean,13,12.441644287109398
gep27,00,2023-11-27,2023-12-10,gcrew,noaa_gefs,27,RH_percent_mean,13,82.82262802124023
gep27,00,2023-11-27,2023-12-10,gcrew,noaa_gefs,27,Rain_mm_sum,13,0.800000011920929
gep27,00,2023-11-27,2023-12-10,gcrew,noaa_gefs,27,ShortwaveRadiation_Wm2,13,52.5
gep27,00,2023-11-27,2023-12-10,gcrew,noaa_gefs,27,WindSpeed_ms_mean,13,7.214954621995648
gep27,00,2023-11-27,2023-12-11,gcrew,noaa_gefs,27,AirTemp_C_mean,14,8.196138000488304
gep27,00,2023-11-27,2023-12-11,gcrew,noaa_gefs,27,RH_percent_mean,14,67.96190357208252
gep27,00,2023-11-27,2023-12-11,gcrew,noaa_gefs,27,Rain_mm_sum,14,36.89999961853027
gep27,00,2023-11-27,2023-12-11,gcrew,noaa_gefs,27,ShortwaveRadiation_Wm2,14,77.5
gep27,00,2023-11-27,2023-12-11,gcrew,noaa_gefs,27,WindSpeed_ms_mean,14,9.841349318979457
gep27,00,2023-11-27,2023-12-12,gcrew,noaa_gefs,27,AirTemp_C_mean,15,4.513063049316429
gep27,00,2023-11-27,2023-12-12,gcrew,noaa_gefs,27,RH_percent_mean,15,51.38350963592529
gep27,00,2023-11-27,2023-12-12,gcrew,noaa_gefs,27,Rain_mm_sum,15,0
gep27,00,2023-11-27,2023-12-12,gcrew,noaa_gefs,27,ShortwaveRadiation_Wm2,15,115
gep27,00,2023-11-27,2023-12-12,gcrew,noaa_gefs,27,WindSpeed_ms_mean,15,6.445321660564322
gep27,00,2023-11-27,2023-12-13,gcrew,noaa_gefs,27,AirTemp_C_mean,16,6.0189071655273665
gep27,00,2023-11-27,2023-12-13,gcrew,noaa_gefs,27,RH_percent_mean,16,54.307085037231445
gep27,00,2023-11-27,2023-12-13,gcrew,noaa_gefs,27,Rain_mm_sum,16,0
gep27,00,2023-11-27,2023-12-13,gcrew,noaa_gefs,27,ShortwaveRadiation_Wm2,16,95
gep27,00,2023-11-27,2023-12-13,gcrew,noaa_gefs,27,WindSpeed_ms_mean,16,4.919506652192801
gep27,00,2023-11-27,2023-12-14,gcrew,noaa_gefs,27,AirTemp_C_mean,17,1.9536911010742415
gep27,00,2023-11-27,2023-12-14,gcrew,noaa_gefs,27,RH_percent_mean,17,54.30481147766113
gep27,00,2023-11-27,2023-12-14,gcrew,noaa_gefs,27,Rain_mm_sum,17,0
gep27,00,2023-11-27,2023-12-14,gcrew,noaa_gefs,27,ShortwaveRadiation_Wm2,17,102.5
gep27,00,2023-11-27,2023-12-14,gcrew,noaa_gefs,27,WindSpeed_ms_mean,17,6.970441376959462
gep27,00,2023-11-27,2023-12-15,gcrew,noaa_gefs,27,AirTemp_C_mean,18,4.5534530639648665
gep27,00,2023-11-27,2023-12-15,gcrew,noaa_gefs,27,RH_percent_mean,18,48.15119743347168
gep27,00,2023-11-27,2023-12-15,gcrew,noaa_gefs,27,Rain_mm_sum,18,0
gep27,00,2023-11-27,2023-12-15,gcrew,noaa_gefs,27,ShortwaveRadiation_Wm2,18,110
gep27,00,2023-11-27,2023-12-15,gcrew,noaa_gefs,27,WindSpeed_ms_mean,18,6.043071901033547
gep27,00,2023-11-27,2023-12-16,gcrew,noaa_gefs,27,AirTemp_C_mean,19,7.143457031250023
gep27,00,2023-11-27,2023-12-16,gcrew,noaa_gefs,27,RH_percent_mean,19,52.20172309875488
gep27,00,2023-11-27,2023-12-16,gcrew,noaa_gefs,27,Rain_mm_sum,19,0
gep27,00,2023-11-27,2023-12-16,gcrew,noaa_gefs,27,ShortwaveRadiation_Wm2,19,111.5
gep27,00,2023-11-27,2023-12-16,gcrew,noaa_gefs,27,WindSpeed_ms_mean,19,5.818199168438026
gep27,00,2023-11-27,2023-12-17,gcrew,noaa_gefs,27,AirTemp_C_mean,20,6.060304260253929
gep27,00,2023-11-27,2023-12-17,gcrew,noaa_gefs,27,RH_percent_mean,20,73.71020603179932
gep27,00,2023-11-27,2023-12-17,gcrew,noaa_gefs,27,Rain_mm_sum,20,0
gep27,00,2023-11-27,2023-12-17,gcrew,noaa_gefs,27,ShortwaveRadiation_Wm2,20,67.5
gep27,00,2023-11-27,2023-12-17,gcrew,noaa_gefs,27,WindSpeed_ms_mean,20,4.95647322638626
gep27,00,2023-11-27,2023-12-18,gcrew,noaa_gefs,27,AirTemp_C_mean,21,7.519563293457054
gep27,00,2023-11-27,2023-12-18,gcrew,noaa_gefs,27,RH_percent_mean,21,87.2380199432373
gep27,00,2023-11-27,2023-12-18,gcrew,noaa_gefs,27,Rain_mm_sum,21,14.800000309944153
gep27,00,2023-11-27,2023-12-18,gcrew,noaa_gefs,27,ShortwaveRadiation_Wm2,21,10
gep27,00,2023-11-27,2023-12-18,gcrew,noaa_gefs,27,WindSpeed_ms_mean,21,6.641896038089156
gep27,00,2023-11-27,2023-12-19,gcrew,noaa_gefs,27,AirTemp_C_mean,22,7.543115234375023
gep27,00,2023-11-27,2023-12-19,gcrew,noaa_gefs,27,RH_percent_mean,22,82.2885913848877
gep27,00,2023-11-27,2023-12-19,gcrew,noaa_gefs,27,Rain_mm_sum,22,7.600000008940697
gep27,00,2023-11-27,2023-12-19,gcrew,noaa_gefs,27,ShortwaveRadiation_Wm2,22,42.5
gep27,00,2023-11-27,2023-12-19,gcrew,noaa_gefs,27,WindSpeed_ms_mean,22,5.825227171579426
gep27,00,2023-11-27,2023-12-20,gcrew,noaa_gefs,27,AirTemp_C_mean,23,8.987573242187523
gep27,00,2023-11-27,2023-12-20,gcrew,noaa_gefs,27,RH_percent_mean,23,80.18497467041016
gep27,00,2023-11-27,2023-12-20,gcrew,noaa_gefs,27,Rain_mm_sum,23,0.30000000447034836
gep27,00,2023-11-27,2023-12-20,gcrew,noaa_gefs,27,ShortwaveRadiation_Wm2,23,42.5
gep27,00,2023-11-27,2023-12-20,gcrew,noaa_gefs,27,WindSpeed_ms_mean,23,4.078718289512819
gep27,00,2023-11-27,2023-12-21,gcrew,noaa_gefs,27,AirTemp_C_mean,24,8.525712585449241
gep27,00,2023-11-27,2023-12-21,gcrew,noaa_gefs,27,RH_percent_mean,24,76.58914756774902
gep27,00,2023-11-27,2023-12-21,gcrew,noaa_gefs,27,Rain_mm_sum,24,36.49999952316284
gep27,00,2023-11-27,2023-12-21,gcrew,noaa_gefs,27,ShortwaveRadiation_Wm2,24,75
gep27,00,2023-11-27,2023-12-21,gcrew,noaa_gefs,27,WindSpeed_ms_mean,24,11.62732320451973
gep27,00,2023-11-27,2023-12-22,gcrew,noaa_gefs,27,AirTemp_C_mean,25,6.965997314453148
gep27,00,2023-11-27,2023-12-22,gcrew,noaa_gefs,27,RH_percent_mean,25,62.65604782104492
gep27,00,2023-11-27,2023-12-22,gcrew,noaa_gefs,27,Rain_mm_sum,25,0
gep27,00,2023-11-27,2023-12-22,gcrew,noaa_gefs,27,ShortwaveRadiation_Wm2,25,110
gep27,00,2023-11-27,2023-12-22,gcrew,noaa_gefs,27,WindSpeed_ms_mean,25,8.727689670673977
gep27,00,2023-11-27,2023-12-23,gcrew,noaa_gefs,27,AirTemp_C_mean,26,6.719461059570335
gep27,00,2023-11-27,2023-12-23,gcrew,noaa_gefs,27,RH_percent_mean,26,62.82187747955322
gep27,00,2023-11-27,2023-12-23,gcrew,noaa_gefs,27,Rain_mm_sum,26,0
gep27,00,2023-11-27,2023-12-23,gcrew,noaa_gefs,27,ShortwaveRadiation_Wm2,26,87.5
gep27,00,2023-11-27,2023-12-23,gcrew,noaa_gefs,27,WindSpeed_ms_mean,26,2.369054386272265
gep27,00,2023-11-27,2023-12-24,gcrew,noaa_gefs,27,AirTemp_C_mean,27,5.3032699584961165
gep27,00,2023-11-27,2023-12-24,gcrew,noaa_gefs,27,RH_percent_mean,27,81.36386299133301
gep27,00,2023-11-27,2023-12-24,gcrew,noaa_gefs,27,Rain_mm_sum,27,28.30000114440918
gep27,00,2023-11-27,2023-12-24,gcrew,noaa_gefs,27,ShortwaveRadiation_Wm2,27,57.5
gep27,00,2023-11-27,2023-12-24,gcrew,noaa_gefs,27,WindSpeed_ms_mean,27,4.459078748032569
gep27,00,2023-11-27,2023-12-25,gcrew,noaa_gefs,27,AirTemp_C_mean,28,5.13581237792971
gep27,00,2023-11-27,2023-12-25,gcrew,noaa_gefs,27,RH_percent_mean,28,81.22675704956055
gep27,00,2023-11-27,2023-12-25,gcrew,noaa_gefs,27,Rain_mm_sum,28,1.4999999776482582
gep27,00,2023-11-27,2023-12-25,gcrew,noaa_gefs,27,ShortwaveRadiation_Wm2,28,35
gep27,00,2023-11-27,2023-12-25,gcrew,noaa_gefs,27,WindSpeed_ms_mean,28,4.003474868197337
gep27,00,2023-11-27,2023-12-26,gcrew,noaa_gefs,27,AirTemp_C_mean,29,4.564202880859398
gep27,00,2023-11-27,2023-12-26,gcrew,noaa_gefs,27,RH_percent_mean,29,65.44478416442871
gep27,00,2023-11-27,2023-12-26,gcrew,noaa_gefs,27,Rain_mm_sum,29,0.6000000238418579
gep27,00,2023-11-27,2023-12-26,gcrew,noaa_gefs,27,ShortwaveRadiation_Wm2,29,95
gep27,00,2023-11-27,2023-12-26,gcrew,noaa_gefs,27,WindSpeed_ms_mean,29,4.794088178148612
gep27,00,2023-11-27,2023-12-27,gcrew,noaa_gefs,27,AirTemp_C_mean,30,2.5684982299804915
gep27,00,2023-11-27,2023-12-27,gcrew,noaa_gefs,27,RH_percent_mean,30,61.19670581817627
gep27,00,2023-11-27,2023-12-27,gcrew,noaa_gefs,27,Rain_mm_sum,30,0.20000000298023224
gep27,00,2023-11-27,2023-12-27,gcrew,noaa_gefs,27,ShortwaveRadiation_Wm2,30,103
gep27,00,2023-11-27,2023-12-27,gcrew,noaa_gefs,27,WindSpeed_ms_mean,30,7.929123668297478
gep27,00,2023-11-27,2023-12-28,gcrew,noaa_gefs,27,AirTemp_C_mean,31,0.24892578125002274
gep27,00,2023-11-27,2023-12-28,gcrew,noaa_gefs,27,RH_percent_mean,31,54.894179344177246
gep27,00,2023-11-27,2023-12-28,gcrew,noaa_gefs,27,Rain_mm_sum,31,0
gep27,00,2023-11-27,2023-12-28,gcrew,noaa_gefs,27,ShortwaveRadiation_Wm2,31,107.5
gep27,00,2023-11-27,2023-12-28,gcrew,noaa_gefs,27,WindSpeed_ms_mean,31,8.369389072984506
gep27,00,2023-11-27,2023-12-29,gcrew,noaa_gefs,27,AirTemp_C_mean,32,2.135316467285179
gep27,00,2023-11-27,2023-12-29,gcrew,noaa_gefs,27,RH_percent_mean,32,49.380462646484375
gep27,00,2023-11-27,2023-12-29,gcrew,noaa_gefs,27,Rain_mm_sum,32,0
gep27,00,2023-11-27,2023-12-29,gcrew,noaa_gefs,27,ShortwaveRadiation_Wm2,32,100
gep27,00,2023-11-27,2023-12-29,gcrew,noaa_gefs,27,WindSpeed_ms_mean,32,4.864784430286628
gep27,00,2023-11-27,2023-12-30,gcrew,noaa_gefs,27,AirTemp_C_mean,33,2.2571350097656477
gep27,00,2023-11-27,2023-12-30,gcrew,noaa_gefs,27,RH_percent_mean,33,58.125136375427246
gep27,00,2023-11-27,2023-12-30,gcrew,noaa_gefs,27,Rain_mm_sum,33,0
gep27,00,2023-11-27,2023-12-30,gcrew,noaa_gefs,27,ShortwaveRadiation_Wm2,33,105
gep27,00,2023-11-27,2023-12-30,gcrew,noaa_gefs,27,WindSpeed_ms_mean,33,8.121758892113014
gep27,00,2023-11-27,2023-12-31,gcrew,noaa_gefs,27,AirTemp_C_mean,34,0.35221252441408524
gep27,00,2023-11-27,2023-12-31,gcrew,noaa_gefs,27,RH_percent_mean,34,59.313002586364746
gep27,00,2023-11-27,2023-12-31,gcrew,noaa_gefs,27,Rain_mm_sum,34,0
gep27,00,2023-11-27,2023-12-31,gcrew,noaa_gefs,27,ShortwaveRadiation_Wm2,34,110
gep27,00,2023-11-27,2023-12-31,gcrew,noaa_gefs,27,WindSpeed_ms_mean,34,7.684706090714355
gep27,00,2023-11-27,2024-01-01,gcrew,noaa_gefs,27,AirTemp_C_mean,35,0.9818664550781477
gep27,00,2023-11-27,2024-01-01,gcrew,noaa_gefs,27,RH_percent_mean,35,55.25293731689453
gep27,00,2023-11-27,2024-01-01,gcrew,noaa_gefs,27,Rain_mm_sum,35,0
gep27,00,2023-11-27,2024-01-01,gcrew,noaa_gefs,27,ShortwaveRadiation_Wm2,35,150
gep27,00,2023-11-27,2024-01-01,gcrew,noaa_gefs,27,WindSpeed_ms_mean,35,5.577020295958797
gep28,00,2023-11-27,2023-11-27,gcrew,noaa_gefs,28,AirTemp_C_mean,0,7.930160958426362
gep28,00,2023-11-27,2023-11-27,gcrew,noaa_gefs,28,RH_percent_mean,0,65.77873774937221
gep28,00,2023-11-27,2023-11-27,gcrew,noaa_gefs,28,Rain_mm_sum,0,1.409999966621399
gep28,00,2023-11-27,2023-11-27,gcrew,noaa_gefs,28,ShortwaveRadiation_Wm2,0,120
gep28,00,2023-11-27,2023-11-27,gcrew,noaa_gefs,28,WindSpeed_ms_mean,0,6.98831636820665
gep28,00,2023-11-27,2023-11-28,gcrew,noaa_gefs,28,AirTemp_C_mean,1,3.143903350830101
gep28,00,2023-11-27,2023-11-28,gcrew,noaa_gefs,28,RH_percent_mean,1,51.75671911239624
gep28,00,2023-11-27,2023-11-28,gcrew,noaa_gefs,28,Rain_mm_sum,1,0
gep28,00,2023-11-27,2023-11-28,gcrew,noaa_gefs,28,ShortwaveRadiation_Wm2,1,117.25
gep28,00,2023-11-27,2023-11-28,gcrew,noaa_gefs,28,WindSpeed_ms_mean,1,8.719262777459525
gep28,00,2023-11-27,2023-11-29,gcrew,noaa_gefs,28,AirTemp_C_mean,2,0.5654579162597884
gep28,00,2023-11-27,2023-11-29,gcrew,noaa_gefs,28,RH_percent_mean,2,45.022233963012695
gep28,00,2023-11-27,2023-11-29,gcrew,noaa_gefs,28,Rain_mm_sum,2,0
gep28,00,2023-11-27,2023-11-29,gcrew,noaa_gefs,28,ShortwaveRadiation_Wm2,2,123.75
gep28,00,2023-11-27,2023-11-29,gcrew,noaa_gefs,28,WindSpeed_ms_mean,2,6.168336011919848
gep28,00,2023-11-27,2023-11-30,gcrew,noaa_gefs,28,AirTemp_C_mean,3,5.442548370361351
gep28,00,2023-11-27,2023-11-30,gcrew,noaa_gefs,28,RH_percent_mean,3,51.092037200927734
gep28,00,2023-11-27,2023-11-30,gcrew,noaa_gefs,28,Rain_mm_sum,3,0
gep28,00,2023-11-27,2023-11-30,gcrew,noaa_gefs,28,ShortwaveRadiation_Wm2,3,115
gep28,00,2023-11-27,2023-11-30,gcrew,noaa_gefs,28,WindSpeed_ms_mean,3,4.647622723424587
gep28,00,2023-11-27,2023-12-01,gcrew,noaa_gefs,28,AirTemp_C_mean,4,9.021810150146507
gep28,00,2023-11-27,2023-12-01,gcrew,noaa_gefs,28,RH_percent_mean,4,66.71106433868408
gep28,00,2023-11-27,2023-12-01,gcrew,noaa_gefs,28,Rain_mm_sum,4,0.9099999666213989
gep28,00,2023-11-27,2023-12-01,gcrew,noaa_gefs,28,ShortwaveRadiation_Wm2,4,56.25
gep28,00,2023-11-27,2023-12-01,gcrew,noaa_gefs,28,WindSpeed_ms_mean,4,5.704241102456863
gep28,00,2023-11-27,2023-12-02,gcrew,noaa_gefs,28,AirTemp_C_mean,5,11.22754821777346
gep28,00,2023-11-27,2023-12-02,gcrew,noaa_gefs,28,RH_percent_mean,5,89.3065881729126
gep28,00,2023-11-27,2023-12-02,gcrew,noaa_gefs,28,Rain_mm_sum,5,2.1299999933689833
gep28,00,2023-11-27,2023-12-02,gcrew,noaa_gefs,28,ShortwaveRadiation_Wm2,5,68.75
gep28,00,2023-11-27,2023-12-02,gcrew,noaa_gefs,28,WindSpeed_ms_mean,5,3.257810854788391
gep28,00,2023-11-27,2023-12-03,gcrew,noaa_gefs,28,AirTemp_C_mean,6,11.987805938720726
gep28,00,2023-11-27,2023-12-03,gcrew,noaa_gefs,28,RH_percent_mean,6,95.10680103302002
gep28,00,2023-11-27,2023-12-03,gcrew,noaa_gefs,28,Rain_mm_sum,6,40.17000102996826
gep28,00,2023-11-27,2023-12-03,gcrew,noaa_gefs,28,ShortwaveRadiation_Wm2,6,25
gep28,00,2023-11-27,2023-12-03,gcrew,noaa_gefs,28,WindSpeed_ms_mean,6,3.011062993601093
gep28,00,2023-11-27,2023-12-04,gcrew,noaa_gefs,28,AirTemp_C_mean,7,10.208066558837913
gep28,00,2023-11-27,2023-12-04,gcrew,noaa_gefs,28,RH_percent_mean,7,69.40479469299316
gep28,00,2023-11-27,2023-12-04,gcrew,noaa_gefs,28,Rain_mm_sum,7,0.10000000149011612
gep28,00,2023-11-27,2023-12-04,gcrew,noaa_gefs,28,ShortwaveRadiation_Wm2,7,83.75
gep28,00,2023-11-27,2023-12-04,gcrew,noaa_gefs,28,WindSpeed_ms_mean,7,4.650060705382802
gep28,00,2023-11-27,2023-12-05,gcrew,noaa_gefs,28,AirTemp_C_mean,8,7.09925231933596
gep28,00,2023-11-27,2023-12-05,gcrew,noaa_gefs,28,RH_percent_mean,8,59.26151514053345
gep28,00,2023-11-27,2023-12-05,gcrew,noaa_gefs,28,Rain_mm_sum,8,0
gep28,00,2023-11-27,2023-12-05,gcrew,noaa_gefs,28,ShortwaveRadiation_Wm2,8,90
gep28,00,2023-11-27,2023-12-05,gcrew,noaa_gefs,28,WindSpeed_ms_mean,8,4.769365907420658
gep28,00,2023-11-27,2023-12-06,gcrew,noaa_gefs,28,AirTemp_C_mean,9,5.801030731201195
gep28,00,2023-11-27,2023-12-06,gcrew,noaa_gefs,28,RH_percent_mean,9,66.42868709564209
gep28,00,2023-11-27,2023-12-06,gcrew,noaa_gefs,28,Rain_mm_sum,9,0.10000000149011612
gep28,00,2023-11-27,2023-12-06,gcrew,noaa_gefs,28,ShortwaveRadiation_Wm2,9,73.75
gep28,00,2023-11-27,2023-12-06,gcrew,noaa_gefs,28,WindSpeed_ms_mean,9,5.121497430910974
gep28,00,2023-11-27,2023-12-07,gcrew,noaa_gefs,28,AirTemp_C_mean,10,4.628167724609398
gep28,00,2023-11-27,2023-12-07,gcrew,noaa_gefs,28,RH_percent_mean,10,60.15670585632324
gep28,00,2023-11-27,2023-12-07,gcrew,noaa_gefs,28,Rain_mm_sum,10,0.10000000149011612
gep28,00,2023-11-27,2023-12-07,gcrew,noaa_gefs,28,ShortwaveRadiation_Wm2,10,80
gep28,00,2023-11-27,2023-12-07,gcrew,noaa_gefs,28,WindSpeed_ms_mean,10,6.409377329262826
gep28,00,2023-11-27,2023-12-08,gcrew,noaa_gefs,28,AirTemp_C_mean,11,7.60364685058596
gep28,00,2023-11-27,2023-12-08,gcrew,noaa_gefs,28,RH_percent_mean,11,60.32244300842285
gep28,00,2023-11-27,2023-12-08,gcrew,noaa_gefs,28,Rain_mm_sum,11,0
gep28,00,2023-11-27,2023-12-08,gcrew,noaa_gefs,28,ShortwaveRadiation_Wm2,11,85
gep28,00,2023-11-27,2023-12-08,gcrew,noaa_gefs,28,WindSpeed_ms_mean,11,2.9631373493483464
gep28,00,2023-11-27,2023-12-09,gcrew,noaa_gefs,28,AirTemp_C_mean,12,9.189378356933616
gep28,00,2023-11-27,2023-12-09,gcrew,noaa_gefs,28,RH_percent_mean,12,70.98326873779297
gep28,00,2023-11-27,2023-12-09,gcrew,noaa_gefs,28,Rain_mm_sum,12,0
gep28,00,2023-11-27,2023-12-09,gcrew,noaa_gefs,28,ShortwaveRadiation_Wm2,12,92.5
gep28,00,2023-11-27,2023-12-09,gcrew,noaa_gefs,28,WindSpeed_ms_mean,12,4.254736907169081
gep28,00,2023-11-27,2023-12-10,gcrew,noaa_gefs,28,AirTemp_C_mean,13,12.441644287109398
gep28,00,2023-11-27,2023-12-10,gcrew,noaa_gefs,28,RH_percent_mean,13,82.82262802124023
gep28,00,2023-11-27,2023-12-10,gcrew,noaa_gefs,28,Rain_mm_sum,13,0.800000011920929
gep28,00,2023-11-27,2023-12-10,gcrew,noaa_gefs,28,ShortwaveRadiation_Wm2,13,52.5
gep28,00,2023-11-27,2023-12-10,gcrew,noaa_gefs,28,WindSpeed_ms_mean,13,7.214954621995648
gep28,00,2023-11-27,2023-12-11,gcrew,noaa_gefs,28,AirTemp_C_mean,14,8.196138000488304
gep28,00,2023-11-27,2023-12-11,gcrew,noaa_gefs,28,RH_percent_mean,14,67.96190357208252
gep28,00,2023-11-27,2023-12-11,gcrew,noaa_gefs,28,Rain_mm_sum,14,36.89999961853027
gep28,00,2023-11-27,2023-12-11,gcrew,noaa_gefs,28,ShortwaveRadiation_Wm2,14,77.5
gep28,00,2023-11-27,2023-12-11,gcrew,noaa_gefs,28,WindSpeed_ms_mean,14,9.841349318979457
gep28,00,2023-11-27,2023-12-12,gcrew,noaa_gefs,28,AirTemp_C_mean,15,4.513063049316429
gep28,00,2023-11-27,2023-12-12,gcrew,noaa_gefs,28,RH_percent_mean,15,51.38350963592529
gep28,00,2023-11-27,2023-12-12,gcrew,noaa_gefs,28,Rain_mm_sum,15,0
gep28,00,2023-11-27,2023-12-12,gcrew,noaa_gefs,28,ShortwaveRadiation_Wm2,15,115
gep28,00,2023-11-27,2023-12-12,gcrew,noaa_gefs,28,WindSpeed_ms_mean,15,6.445321660564322
gep28,00,2023-11-27,2023-12-13,gcrew,noaa_gefs,28,AirTemp_C_mean,16,6.0189071655273665
gep28,00,2023-11-27,2023-12-13,gcrew,noaa_gefs,28,RH_percent_mean,16,54.307085037231445
gep28,00,2023-11-27,2023-12-13,gcrew,noaa_gefs,28,Rain_mm_sum,16,0
gep28,00,2023-11-27,2023-12-13,gcrew,noaa_gefs,28,ShortwaveRadiation_Wm2,16,95
gep28,00,2023-11-27,2023-12-13,gcrew,noaa_gefs,28,WindSpeed_ms_mean,16,4.919506652192801
gep28,00,2023-11-27,2023-12-14,gcrew,noaa_gefs,28,AirTemp_C_mean,17,1.9536911010742415
gep28,00,2023-11-27,2023-12-14,gcrew,noaa_gefs,28,RH_percent_mean,17,54.30481147766113
gep28,00,2023-11-27,2023-12-14,gcrew,noaa_gefs,28,Rain_mm_sum,17,0
gep28,00,2023-11-27,2023-12-14,gcrew,noaa_gefs,28,ShortwaveRadiation_Wm2,17,102.5
gep28,00,2023-11-27,2023-12-14,gcrew,noaa_gefs,28,WindSpeed_ms_mean,17,6.970441376959462
gep28,00,2023-11-27,2023-12-15,gcrew,noaa_gefs,28,AirTemp_C_mean,18,4.5534530639648665
gep28,00,2023-11-27,2023-12-15,gcrew,noaa_gefs,28,RH_percent_mean,18,48.15119743347168
gep28,00,2023-11-27,2023-12-15,gcrew,noaa_gefs,28,Rain_mm_sum,18,0
gep28,00,2023-11-27,2023-12-15,gcrew,noaa_gefs,28,ShortwaveRadiation_Wm2,18,110
gep28,00,2023-11-27,2023-12-15,gcrew,noaa_gefs,28,WindSpeed_ms_mean,18,6.043071901033547
gep28,00,2023-11-27,2023-12-16,gcrew,noaa_gefs,28,AirTemp_C_mean,19,7.143457031250023
gep28,00,2023-11-27,2023-12-16,gcrew,noaa_gefs,28,RH_percent_mean,19,52.20172309875488
gep28,00,2023-11-27,2023-12-16,gcrew,noaa_gefs,28,Rain_mm_sum,19,0
gep28,00,2023-11-27,2023-12-16,gcrew,noaa_gefs,28,ShortwaveRadiation_Wm2,19,111.5
gep28,00,2023-11-27,2023-12-16,gcrew,noaa_gefs,28,WindSpeed_ms_mean,19,5.818199168438026
gep28,00,2023-11-27,2023-12-17,gcrew,noaa_gefs,28,AirTemp_C_mean,20,6.060304260253929
gep28,00,2023-11-27,2023-12-17,gcrew,noaa_gefs,28,RH_percent_mean,20,73.71020603179932
gep28,00,2023-11-27,2023-12-17,gcrew,noaa_gefs,28,Rain_mm_sum,20,0
gep28,00,2023-11-27,2023-12-17,gcrew,noaa_gefs,28,ShortwaveRadiation_Wm2,20,67.5
gep28,00,2023-11-27,2023-12-17,gcrew,noaa_gefs,28,WindSpeed_ms_mean,20,4.95647322638626
gep28,00,2023-11-27,2023-12-18,gcrew,noaa_gefs,28,AirTemp_C_mean,21,7.519563293457054
gep28,00,2023-11-27,2023-12-18,gcrew,noaa_gefs,28,RH_percent_mean,21,87.2380199432373
gep28,00,2023-11-27,2023-12-18,gcrew,noaa_gefs,28,Rain_mm_sum,21,14.800000309944153
gep28,00,2023-11-27,2023-12-18,gcrew,noaa_gefs,28,ShortwaveRadiation_Wm2,21,10
gep28,00,2023-11-27,2023-12-18,gcrew,noaa_gefs,28,WindSpeed_ms_mean,21,6.641896038089156
gep28,00,2023-11-27,2023-12-19,gcrew,noaa_gefs,28,AirTemp_C_mean,22,7.543115234375023
gep28,00,2023-11-27,2023-12-19,gcrew,noaa_gefs,28,RH_percent_mean,22,82.2885913848877
gep28,00,2023-11-27,2023-12-19,gcrew,noaa_gefs,28,Rain_mm_sum,22,7.600000008940697
gep28,00,2023-11-27,2023-12-19,gcrew,noaa_gefs,28,ShortwaveRadiation_Wm2,22,42.5
gep28,00,2023-11-27,2023-12-19,gcrew,noaa_gefs,28,WindSpeed_ms_mean,22,5.825227171579426
gep28,00,2023-11-27,2023-12-20,gcrew,noaa_gefs,28,AirTemp_C_mean,23,8.987573242187523
gep28,00,2023-11-27,2023-12-20,gcrew,noaa_gefs,28,RH_percent_mean,23,80.18497467041016
gep28,00,2023-11-27,2023-12-20,gcrew,noaa_gefs,28,Rain_mm_sum,23,0.30000000447034836
gep28,00,2023-11-27,2023-12-20,gcrew,noaa_gefs,28,ShortwaveRadiation_Wm2,23,42.5
gep28,00,2023-11-27,2023-12-20,gcrew,noaa_gefs,28,WindSpeed_ms_mean,23,4.078718289512819
gep28,00,2023-11-27,2023-12-21,gcrew,noaa_gefs,28,AirTemp_C_mean,24,8.525712585449241
gep28,00,2023-11-27,2023-12-21,gcrew,noaa_gefs,28,RH_percent_mean,24,76.58914756774902
gep28,00,2023-11-27,2023-12-21,gcrew,noaa_gefs,28,Rain_mm_sum,24,36.49999952316284
gep28,00,2023-11-27,2023-12-21,gcrew,noaa_gefs,28,ShortwaveRadiation_Wm2,24,75
gep28,00,2023-11-27,2023-12-21,gcrew,noaa_gefs,28,WindSpeed_ms_mean,24,11.62732320451973
gep28,00,2023-11-27,2023-12-22,gcrew,noaa_gefs,28,AirTemp_C_mean,25,6.965997314453148
gep28,00,2023-11-27,2023-12-22,gcrew,noaa_gefs,28,RH_percent_mean,25,62.65604782104492
gep28,00,2023-11-27,2023-12-22,gcrew,noaa_gefs,28,Rain_mm_sum,25,0
gep28,00,2023-11-27,2023-12-22,gcrew,noaa_gefs,28,ShortwaveRadiation_Wm2,25,110
gep28,00,2023-11-27,2023-12-22,gcrew,noaa_gefs,28,WindSpeed_ms_mean,25,8.727689670673977
gep28,00,2023-11-27,2023-12-23,gcrew,noaa_gefs,28,AirTemp_C_mean,26,6.719461059570335
gep28,00,2023-11-27,2023-12-23,gcrew,noaa_gefs,28,RH_percent_mean,26,62.82187747955322
gep28,00,2023-11-27,2023-12-23,gcrew,noaa_gefs,28,Rain_mm_sum,26,0
gep28,00,2023-11-27,2023-12-23,gcrew,noaa_gefs,28,ShortwaveRadiation_Wm2,26,87.5
gep28,00,2023-11-27,2023-12-23,gcrew,noaa_gefs,28,WindSpeed_ms_mean,26,2.369054386272265
gep28,00,2023-11-27,2023-12-24,gcrew,noaa_gefs,28,AirTemp_C_mean,27,5.3032699584961165
gep28,00,2023-11-27,2023-12-24,gcrew,noaa_gefs,28,RH_percent_mean,27,81.36386299133301
gep28,00,2023-11-27,2023-12-24,gcrew,noaa_gefs,28,Rain_mm_sum,27,28.30000114440918
gep28,00,2023-11-27,2023-12-24,gcrew,noaa_gefs,28,ShortwaveRadiation_Wm2,27,57.5
gep28,00,2023-11-27,2023-12-24,gcrew,noaa_gefs,28,WindSpeed_ms_mean,27,4.459078748032569
gep28,00,2023-11-27,2023-12-25,gcrew,noaa_gefs,28,AirTemp_C_mean,28,5.13581237792971
gep28,00,2023-11-27,2023-12-25,gcrew,noaa_gefs,28,RH_percent_mean,28,81.22675704956055
gep28,00,2023-11-27,2023-12-25,gcrew,noaa_gefs,28,Rain_mm_sum,28,1.4999999776482582
gep28,00,2023-11-27,2023-12-25,gcrew,noaa_gefs,28,ShortwaveRadiation_Wm2,28,35
gep28,00,2023-11-27,2023-12-25,gcrew,noaa_gefs,28,WindSpeed_ms_mean,28,4.003474868197337
gep28,00,2023-11-27,2023-12-26,gcrew,noaa_gefs,28,AirTemp_C_mean,29,4.564202880859398
gep28,00,2023-11-27,2023-12-26,gcrew,noaa_gefs,28,RH_percent_mean,29,65.44478416442871
gep28,00,2023-11-27,2023-12-26,gcrew,noaa_gefs,28,Rain_mm_sum,29,0.6000000238418579
gep28,00,2023-11-27,2023-12-26,gcrew,noaa_gefs,28,ShortwaveRadiation_Wm2,29,95
gep28,00,2023-11-27,2023-12-26,gcrew,noaa_gefs,28,WindSpeed_ms_mean,29,4.794088178148612
gep28,00,2023-11-27,2023-12-27,gcrew,noaa_gefs,28,AirTemp_C_mean,30,2.5684982299804915
gep28,00,2023-11-27,2023-12-27,gcrew,noaa_gefs,28,RH_percent_mean,30,61.19670581817627
gep28,00,2023-11-27,2023-12-27,gcrew,noaa_gefs,28,Rain_mm_sum,30,0.20000000298023224
gep28,00,2023-11-27,2023-12-27,gcrew,noaa_gefs,28,ShortwaveRadiation_Wm2,30,103
gep28,00,2023-11-27,2023-12-27,gcrew,noaa_gefs,28,WindSpeed_ms_mean,30,7.929123668297478
gep28,00,2023-11-27,2023-12-28,gcrew,noaa_gefs,28,AirTemp_C_mean,31,0.24892578125002274
gep28,00,2023-11-27,2023-12-28,gcrew,noaa_gefs,28,RH_percent_mean,31,54.894179344177246
gep28,00,2023-11-27,2023-12-28,gcrew,noaa_gefs,28,Rain_mm_sum,31,0
gep28,00,2023-11-27,2023-12-28,gcrew,noaa_gefs,28,ShortwaveRadiation_Wm2,31,107.5
gep28,00,2023-11-27,2023-12-28,gcrew,noaa_gefs,28,WindSpeed_ms_mean,31,8.369389072984506
gep28,00,2023-11-27,2023-12-29,gcrew,noaa_gefs,28,AirTemp_C_mean,32,2.135316467285179
gep28,00,2023-11-27,2023-12-29,gcrew,noaa_gefs,28,RH_percent_mean,32,49.380462646484375
gep28,00,2023-11-27,2023-12-29,gcrew,noaa_gefs,28,Rain_mm_sum,32,0
gep28,00,2023-11-27,2023-12-29,gcrew,noaa_gefs,28,ShortwaveRadiation_Wm2,32,100
gep28,00,2023-11-27,2023-12-29,gcrew,noaa_gefs,28,WindSpeed_ms_mean,32,4.864784430286628
gep28,00,2023-11-27,2023-12-30,gcrew,noaa_gefs,28,AirTemp_C_mean,33,2.2571350097656477
gep28,00,2023-11-27,2023-12-30,gcrew,noaa_gefs,28,RH_percent_mean,33,58.125136375427246
gep28,00,2023-11-27,2023-12-30,gcrew,noaa_gefs,28,Rain_mm_sum,33,0
gep28,00,2023-11-27,2023-12-30,gcrew,noaa_gefs,28,ShortwaveRadiation_Wm2,33,105
gep28,00,2023-11-27,2023-12-30,gcrew,noaa_gefs,28,WindSpeed_ms_mean,33,8.121758892113014
gep28,00,2023-11-27,2023-12-31,gcrew,noaa_gefs,28,AirTemp_C_mean,34,0.35221252441408524
gep28,00,2023-11-27,2023-12-31,gcrew,noaa_gefs,28,RH_percent_mean,34,59.313002586364746
gep28,00,2023-11-27,2023-12-31,gcrew,noaa_gefs,28,Rain_mm_sum,34,0
gep28,00,2023-11-27,2023-12-31,gcrew,noaa_gefs,28,ShortwaveRadiation_Wm2,34,110
gep28,00,2023-11-27,2023-12-31,gcrew,noaa_gefs,28,WindSpeed_ms_mean,34,7.684706090714355
gep28,00,2023-11-27,2024-01-01,gcrew,noaa_gefs,28,AirTemp_C_mean,35,0.9818664550781477
gep28,00,2023-11-27,2024-01-01,gcrew,noaa_gefs,28,RH_percent_mean,35,55.25293731689453
gep28,00,2023-11-27,2024-01-01,gcrew,noaa_gefs,28,Rain_mm_sum,35,0
gep28,00,2023-11-27,2024-01-01,gcrew,noaa_gefs,28,ShortwaveRadiation_Wm2,35,150
gep28,00,2023-11-27,2024-01-01,gcrew,noaa_gefs,28,WindSpeed_ms_mean,35,5.577020295958797
gep29,00,2023-11-27,2023-11-27,gcrew,noaa_gefs,29,AirTemp_C_mean,0,7.930160958426362
gep29,00,2023-11-27,2023-11-27,gcrew,noaa_gefs,29,RH_percent_mean,0,65.77873774937221
gep29,00,2023-11-27,2023-11-27,gcrew,noaa_gefs,29,Rain_mm_sum,0,1.409999966621399
gep29,00,2023-11-27,2023-11-27,gcrew,noaa_gefs,29,ShortwaveRadiation_Wm2,0,120
gep29,00,2023-11-27,2023-11-27,gcrew,noaa_gefs,29,WindSpeed_ms_mean,0,6.98831636820665
gep29,00,2023-11-27,2023-11-28,gcrew,noaa_gefs,29,AirTemp_C_mean,1,3.143903350830101
gep29,00,2023-11-27,2023-11-28,gcrew,noaa_gefs,29,RH_percent_mean,1,51.75671911239624
gep29,00,2023-11-27,2023-11-28,gcrew,noaa_gefs,29,Rain_mm_sum,1,0
gep29,00,2023-11-27,2023-11-28,gcrew,noaa_gefs,29,ShortwaveRadiation_Wm2,1,117.25
gep29,00,2023-11-27,2023-11-28,gcrew,noaa_gefs,29,WindSpeed_ms_mean,1,8.719262777459525
gep29,00,2023-11-27,2023-11-29,gcrew,noaa_gefs,29,AirTemp_C_mean,2,0.5654579162597884
gep29,00,2023-11-27,2023-11-29,gcrew,noaa_gefs,29,RH_percent_mean,2,45.022233963012695
gep29,00,2023-11-27,2023-11-29,gcrew,noaa_gefs,29,Rain_mm_sum,2,0
gep29,00,2023-11-27,2023-11-29,gcrew,noaa_gefs,29,ShortwaveRadiation_Wm2,2,123.75
gep29,00,2023-11-27,2023-11-29,gcrew,noaa_gefs,29,WindSpeed_ms_mean,2,6.168336011919848
gep29,00,2023-11-27,2023-11-30,gcrew,noaa_gefs,29,AirTemp_C_mean,3,5.442548370361351
gep29,00,2023-11-27,2023-11-30,gcrew,noaa_gefs,29,RH_percent_mean,3,51.092037200927734
gep29,00,2023-11-27,2023-11-30,gcrew,noaa_gefs,29,Rain_mm_sum,3,0
gep29,00,2023-11-27,2023-11-30,gcrew,noaa_gefs,29,ShortwaveRadiation_Wm2,3,115
gep29,00,2023-11-27,2023-11-30,gcrew,noaa_gefs,29,WindSpeed_ms_mean,3,4.647622723424587
gep29,00,2023-11-27,2023-12-01,gcrew,noaa_gefs,29,AirTemp_C_mean,4,9.021810150146507
gep29,00,2023-11-27,2023-12-01,gcrew,noaa_gefs,29,RH_percent_mean,4,66.71106433868408
gep29,00,2023-11-27,2023-12-01,gcrew,noaa_gefs,29,Rain_mm_sum,4,0.9099999666213989
gep29,00,2023-11-27,2023-12-01,gcrew,noaa_gefs,29,ShortwaveRadiation_Wm2,4,56.25
gep29,00,2023-11-27,2023-12-01,gcrew,noaa_gefs,29,WindSpeed_ms_mean,4,5.704241102456863
gep29,00,2023-11-27,2023-12-02,gcrew,noaa_gefs,29,AirTemp_C_mean,5,11.22754821777346
gep29,00,2023-11-27,2023-12-02,gcrew,noaa_gefs,29,RH_percent_mean,5,89.3065881729126
gep29,00,2023-11-27,2023-12-02,gcrew,noaa_gefs,29,Rain_mm_sum,5,2.1299999933689833
gep29,00,2023-11-27,2023-12-02,gcrew,noaa_gefs,29,ShortwaveRadiation_Wm2,5,68.75
gep29,00,2023-11-27,2023-12-02,gcrew,noaa_gefs,29,WindSpeed_ms_mean,5,3.257810854788391
gep29,00,2023-11-27,2023-12-03,gcrew,noaa_gefs,29,AirTemp_C_mean,6,11.987805938720726
gep29,00,2023-11-27,2023-12-03,gcrew,noaa_gefs,29,RH_percent_mean,6,95.10680103302002
gep29,00,2023-11-27,2023-12-03,gcrew,noaa_gefs,29,Rain_mm_sum,6,40.17000102996826
gep29,00,2023-11-27,2023-12-03,gcrew,noaa_gefs,29,ShortwaveRadiation_Wm2,6,25
gep29,00,2023-11-27,2023-12-03,gcrew,noaa_gefs,29,WindSpeed_ms_mean,6,3.011062993601093
gep29,00,2023-11-27,2023-12-04,gcrew,noaa_gefs,29,AirTemp_C_mean,7,10.208066558837913
gep29,00,2023-11-27,2023-12-04,gcrew,noaa_gefs,29,RH_percent_mean,7,69.40479469299316
gep29,00,2023-11-27,2023-12-04,gcrew,noaa_gefs,29,Rain_mm_sum,7,0.10000000149011612
gep29,00,2023-11-27,2023-12-04,gcrew,noaa_gefs,29,ShortwaveRadiation_Wm2,7,83.75
gep29,00,2023-11-27,2023-12-04,gcrew,noaa_gefs,29,WindSpeed_ms_mean,7,4.650060705382802
gep29,00,2023-11-27,2023-12-05,gcrew,noaa_gefs,29,AirTemp_C_mean,8,7.09925231933596
gep29,00,2023-11-27,2023-12-05,gcrew,noaa_gefs,29,RH_percent_mean,8,59.26151514053345
gep29,00,2023-11-27,2023-12-05,gcrew,noaa_gefs,29,Rain_mm_sum,8,0
gep29,00,2023-11-27,2023-12-05,gcrew,noaa_gefs,29,ShortwaveRadiation_Wm2,8,90
gep29,00,2023-11-27,2023-12-05,gcrew,noaa_gefs,29,WindSpeed_ms_mean,8,4.769365907420658
gep29,00,2023-11-27,2023-12-06,gcrew,noaa_gefs,29,AirTemp_C_mean,9,5.801030731201195
gep29,00,2023-11-27,2023-12-06,gcrew,noaa_gefs,29,RH_percent_mean,9,66.42868709564209
gep29,00,2023-11-27,2023-12-06,gcrew,noaa_gefs,29,Rain_mm_sum,9,0.10000000149011612
gep29,00,2023-11-27,2023-12-06,gcrew,noaa_gefs,29,ShortwaveRadiation_Wm2,9,73.75
gep29,00,2023-11-27,2023-12-06,gcrew,noaa_gefs,29,WindSpeed_ms_mean,9,5.121497430910974
gep29,00,2023-11-27,2023-12-07,gcrew,noaa_gefs,29,AirTemp_C_mean,10,4.628167724609398
gep29,00,2023-11-27,2023-12-07,gcrew,noaa_gefs,29,RH_percent_mean,10,60.15670585632324
gep29,00,2023-11-27,2023-12-07,gcrew,noaa_gefs,29,Rain_mm_sum,10,0.10000000149011612
gep29,00,2023-11-27,2023-12-07,gcrew,noaa_gefs,29,ShortwaveRadiation_Wm2,10,80
gep29,00,2023-11-27,2023-12-07,gcrew,noaa_gefs,29,WindSpeed_ms_mean,10,6.409377329262826
gep29,00,2023-11-27,2023-12-08,gcrew,noaa_gefs,29,AirTemp_C_mean,11,7.60364685058596
gep29,00,2023-11-27,2023-12-08,gcrew,noaa_gefs,29,RH_percent_mean,11,60.32244300842285
gep29,00,2023-11-27,2023-12-08,gcrew,noaa_gefs,29,Rain_mm_sum,11,0
gep29,00,2023-11-27,2023-12-08,gcrew,noaa_gefs,29,ShortwaveRadiation_Wm2,11,85
gep29,00,2023-11-27,2023-12-08,gcrew,noaa_gefs,29,WindSpeed_ms_mean,11,2.9631373493483464
gep29,00,2023-11-27,2023-12-09,gcrew,noaa_gefs,29,AirTemp_C_mean,12,9.189378356933616
gep29,00,2023-11-27,2023-12-09,gcrew,noaa_gefs,29,RH_percent_mean,12,70.98326873779297
gep29,00,2023-11-27,2023-12-09,gcrew,noaa_gefs,29,Rain_mm_sum,12,0
gep29,00,2023-11-27,2023-12-09,gcrew,noaa_gefs,29,ShortwaveRadiation_Wm2,12,92.5
gep29,00,2023-11-27,2023-12-09,gcrew,noaa_gefs,29,WindSpeed_ms_mean,12,4.254736907169081
gep29,00,2023-11-27,2023-12-10,gcrew,noaa_gefs,29,AirTemp_C_mean,13,12.441644287109398
gep29,00,2023-11-27,2023-12-10,gcrew,noaa_gefs,29,RH_percent_mean,13,82.82262802124023
gep29,00,2023-11-27,2023-12-10,gcrew,noaa_gefs,29,Rain_mm_sum,13,0.800000011920929
gep29,00,2023-11-27,2023-12-10,gcrew,noaa_gefs,29,ShortwaveRadiation_Wm2,13,52.5
gep29,00,2023-11-27,2023-12-10,gcrew,noaa_gefs,29,WindSpeed_ms_mean,13,7.214954621995648
gep29,00,2023-11-27,2023-12-11,gcrew,noaa_gefs,29,AirTemp_C_mean,14,8.196138000488304
gep29,00,2023-11-27,2023-12-11,gcrew,noaa_gefs,29,RH_percent_mean,14,67.96190357208252
gep29,00,2023-11-27,2023-12-11,gcrew,noaa_gefs,29,Rain_mm_sum,14,36.89999961853027
gep29,00,2023-11-27,2023-12-11,gcrew,noaa_gefs,29,ShortwaveRadiation_Wm2,14,77.5
gep29,00,2023-11-27,2023-12-11,gcrew,noaa_gefs,29,WindSpeed_ms_mean,14,9.841349318979457
gep29,00,2023-11-27,2023-12-12,gcrew,noaa_gefs,29,AirTemp_C_mean,15,4.513063049316429
gep29,00,2023-11-27,2023-12-12,gcrew,noaa_gefs,29,RH_percent_mean,15,51.38350963592529
gep29,00,2023-11-27,2023-12-12,gcrew,noaa_gefs,29,Rain_mm_sum,15,0
gep29,00,2023-11-27,2023-12-12,gcrew,noaa_gefs,29,ShortwaveRadiation_Wm2,15,115
gep29,00,2023-11-27,2023-12-12,gcrew,noaa_gefs,29,WindSpeed_ms_mean,15,6.445321660564322
gep29,00,2023-11-27,2023-12-13,gcrew,noaa_gefs,29,AirTemp_C_mean,16,6.0189071655273665
gep29,00,2023-11-27,2023-12-13,gcrew,noaa_gefs,29,RH_percent_mean,16,54.307085037231445
gep29,00,2023-11-27,2023-12-13,gcrew,noaa_gefs,29,Rain_mm_sum,16,0
gep29,00,2023-11-27,2023-12-13,gcrew,noaa_gefs,29,ShortwaveRadiation_Wm2,16,95
gep29,00,2023-11-27,2023-12-13,gcrew,noaa_gefs,29,WindSpeed_ms_mean,16,4.919506652192801
gep29,00,2023-11-27,2023-12-14,gcrew,noaa_gefs,29,AirTemp_C_mean,17,1.9536911010742415
gep29,00,2023-11-27,2023-12-14,gcrew,noaa_gefs,29,RH_percent_mean,17,54.30481147766113
gep29,00,2023-11-27,2023-12-14,gcrew,noaa_gefs,29,Rain_mm_sum,17,0
gep29,00,2023-11-27,2023-12-14,gcrew,noaa_gefs,29,ShortwaveRadiation_Wm2,17,102.5
gep29,00,2023-11-27,2023-12-14,gcrew,noaa_gefs,29,WindSpeed_ms_mean,17,6.970441376959462
gep29,00,2023-11-27,2023-12-15,gcrew,noaa_gefs,29,AirTemp_C_mean,18,4.5534530639648665
gep29,00,2023-11-27,2023-12-15,gcrew,noaa_gefs,29,RH_percent_mean,18,48.15119743347168
gep29,00,2023-11-27,2023-12-15,gcrew,noaa_gefs,29,Rain_mm_sum,18,0
gep29,00,2023-11-27,2023-12-15,gcrew,noaa_gefs,29,ShortwaveRadiation_Wm2,18,110
gep29,00,2023-11-27,2023-12-15,gcrew,noaa_gefs,29,WindSpeed_ms_mean,18,6.043071901033547
gep29,00,2023-11-27,2023-12-16,gcrew,noaa_gefs,29,AirTemp_C_mean,19,7.143457031250023
gep29,00,2023-11-27,2023-12-16,gcrew,noaa_gefs,29,RH_percent_mean,19,52.20172309875488
gep29,00,2023-11-27,2023-12-16,gcrew,noaa_gefs,29,Rain_mm_sum,19,0
gep29,00,2023-11-27,2023-12-16,gcrew,noaa_gefs,29,ShortwaveRadiation_Wm2,19,111.5
gep29,00,2023-11-27,2023-12-16,gcrew,noaa_gefs,29,WindSpeed_ms_mean,19,5.818199168438026
gep29,00,2023-11-27,2023-12-17,gcrew,noaa_gefs,29,AirTemp_C_mean,20,6.060304260253929
gep29,00,2023-11-27,2023-12-17,gcrew,noaa_gefs,29,RH_percent_mean,20,73.71020603179932
gep29,00,2023-11-27,2023-12-17,gcrew,noaa_gefs,29,Rain_mm_sum,20,0
gep29,00,2023-11-27,2023-12-17,gcrew,noaa_gefs,29,ShortwaveRadiation_Wm2,20,67.5
gep29,00,2023-11-27,2023-12-17,gcrew,noaa_gefs,29,WindSpeed_ms_mean,20,4.95647322638626
gep29,00,2023-11-27,2023-12-18,gcrew,noaa_gefs,29,AirTemp_C_mean,21,7.519563293457054
gep29,00,2023-11-27,2023-12-18,gcrew,noaa_gefs,29,RH_percent_mean,21,87.2380199432373
gep29,00,2023-11-27,2023-12-18,gcrew,noaa_gefs,29,Rain_mm_sum,21,14.800000309944153
gep29,00,2023-11-27,2023-12-18,gcrew,noaa_gefs,29,ShortwaveRadiation_Wm2,21,10
gep29,00,2023-11-27,2023-12-18,gcrew,noaa_gefs,29,WindSpeed_ms_mean,21,6.641896038089156
gep29,00,2023-11-27,2023-12-19,gcrew,noaa_gefs,29,AirTemp_C_mean,22,7.543115234375023
gep29,00,2023-11-27,2023-12-19,gcrew,noaa_gefs,29,RH_percent_mean,22,82.2885913848877
gep29,00,2023-11-27,2023-12-19,gcrew,noaa_gefs,29,Rain_mm_sum,22,7.600000008940697
gep29,00,2023-11-27,2023-12-19,gcrew,noaa_gefs,29,ShortwaveRadiation_Wm2,22,42.5
gep29,00,2023-11-27,2023-12-19,gcrew,noaa_gefs,29,WindSpeed_ms_mean,22,5.825227171579426
gep29,00,2023-11-27,2023-12-20,gcrew,noaa_gefs,29,AirTemp_C_mean,23,8.987573242187523
gep29,00,2023-11-27,2023-12-20,gcrew,noaa_gefs,29,RH_percent_mean,23,80.18497467041016
gep29,00,2023-11-27,2023-12-20,gcrew,noaa_gefs,29,Rain_mm_sum,23,0.30000000447034836
gep29,00,2023-11-27,2023-12-20,gcrew,noaa_gefs,29,ShortwaveRadiation_Wm2,23,42.5
gep29,00,2023-11-27,2023-12-20,gcrew,noaa_gefs,29,WindSpeed_ms_mean,23,4.078718289512819
gep29,00,2023-11-27,2023-12-21,gcrew,noaa_gefs,29,AirTemp_C_mean,24,8.525712585449241
gep29,00,2023-11-27,2023-12-21,gcrew,noaa_gefs,29,RH_percent_mean,24,76.58914756774902
gep29,00,2023-11-27,2023-12-21,gcrew,noaa_gefs,29,Rain_mm_sum,24,36.49999952316284
gep29,00,2023-11-27,2023-12-21,gcrew,noaa_gefs,29,ShortwaveRadiation_Wm2,24,75
gep29,00,2023-11-27,2023-12-21,gcrew,noaa_gefs,29,WindSpeed_ms_mean,24,11.62732320451973
gep29,00,2023-11-27,2023-12-22,gcrew,noaa_gefs,29,AirTemp_C_mean,25,6.965997314453148
gep29,00,2023-11-27,2023-12-22,gcrew,noaa_gefs,29,RH_percent_mean,25,62.65604782104492
gep29,00,2023-11-27,2023-12-22,gcrew,noaa_gefs,29,Rain_mm_sum,25,0
gep29,00,2023-11-27,2023-12-22,gcrew,noaa_gefs,29,ShortwaveRadiation_Wm2,25,110
gep29,00,2023-11-27,2023-12-22,gcrew,noaa_gefs,29,WindSpeed_ms_mean,25,8.727689670673977
gep29,00,2023-11-27,2023-12-23,gcrew,noaa_gefs,29,AirTemp_C_mean,26,6.719461059570335
gep29,00,2023-11-27,2023-12-23,gcrew,noaa_gefs,29,RH_percent_mean,26,62.82187747955322
gep29,00,2023-11-27,2023-12-23,gcrew,noaa_gefs,29,Rain_mm_sum,26,0
gep29,00,2023-11-27,2023-12-23,gcrew,noaa_gefs,29,ShortwaveRadiation_Wm2,26,87.5
gep29,00,2023-11-27,2023-12-23,gcrew,noaa_gefs,29,WindSpeed_ms_mean,26,2.369054386272265
gep29,00,2023-11-27,2023-12-24,gcrew,noaa_gefs,29,AirTemp_C_mean,27,5.3032699584961165
gep29,00,2023-11-27,2023-12-24,gcrew,noaa_gefs,29,RH_percent_mean,27,81.36386299133301
gep29,00,2023-11-27,2023-12-24,gcrew,noaa_gefs,29,Rain_mm_sum,27,28.30000114440918
gep29,00,2023-11-27,2023-12-24,gcrew,noaa_gefs,29,ShortwaveRadiation_Wm2,27,57.5
gep29,00,2023-11-27,2023-12-24,gcrew,noaa_gefs,29,WindSpeed_ms_mean,27,4.459078748032569
gep29,00,2023-11-27,2023-12-25,gcrew,noaa_gefs,29,AirTemp_C_mean,28,5.13581237792971
gep29,00,2023-11-27,2023-12-25,gcrew,noaa_gefs,29,RH_percent_mean,28,81.22675704956055
gep29,00,2023-11-27,2023-12-25,gcrew,noaa_gefs,29,Rain_mm_sum,28,1.4999999776482582
gep29,00,2023-11-27,2023-12-25,gcrew,noaa_gefs,29,ShortwaveRadiation_Wm2,28,35
gep29,00,2023-11-27,2023-12-25,gcrew,noaa_gefs,29,WindSpeed_ms_mean,28,4.003474868197337
gep29,00,2023-11-27,2023-12-26,gcrew,noaa_gefs,29,AirTemp_C_mean,29,4.564202880859398
gep29,00,2023-11-27,2023-12-26,gcrew,noaa_gefs,29,RH_percent_mean,29,65.44478416442871
gep29,00,2023-11-27,2023-12-26,gcrew,noaa_gefs,29,Rain_mm_sum,29,0.6000000238418579
gep29,00,2023-11-27,2023-12-26,gcrew,noaa_gefs,29,ShortwaveRadiation_Wm2,29,95
gep29,00,2023-11-27,2023-12-26,gcrew,noaa_gefs,29,WindSpeed_ms_mean,29,4.794088178148612
gep29,00,2023-11-27,2023-12-27,gcrew,noaa_gefs,29,AirTemp_C_mean,30,2.5684982299804915
gep29,00,2023-11-27,2023-12-27,gcrew,noaa_gefs,29,RH_percent_mean,30,61.19670581817627
gep29,00,2023-11-27,2023-12-27,gcrew,noaa_gefs,29,Rain_mm_sum,30,0.20000000298023224
gep29,00,2023-11-27,2023-12-27,gcrew,noaa_gefs,29,ShortwaveRadiation_Wm2,30,103
gep29,00,2023-11-27,2023-12-27,gcrew,noaa_gefs,29,WindSpeed_ms_mean,30,7.929123668297478
gep29,00,2023-11-27,2023-12-28,gcrew,noaa_gefs,29,AirTemp_C_mean,31,0.24892578125002274
gep29,00,2023-11-27,2023-12-28,gcrew,noaa_gefs,29,RH_percent_mean,31,54.894179344177246
gep29,00,2023-11-27,2023-12-28,gcrew,noaa_gefs,29,Rain_mm_sum,31,0
gep29,00,2023-11-27,2023-12-28,gcrew,noaa_gefs,29,ShortwaveRadiation_Wm2,31,107.5
gep29,00,2023-11-27,2023-12-28,gcrew,noaa_gefs,29,WindSpeed_ms_mean,31,8.369389072984506
gep29,00,2023-11-27,2023-12-29,gcrew,noaa_gefs,29,AirTemp_C_mean,32,2.135316467285179
gep29,00,2023-11-27,2023-12-29,gcrew,noaa_gefs,29,RH_percent_mean,32,49.380462646484375
gep29,00,2023-11-27,2023-12-29,gcrew,noaa_gefs,29,Rain_mm_sum,32,0
gep29,00,2023-11-27,2023-12-29,gcrew,noaa_gefs,29,ShortwaveRadiation_Wm2,32,100
gep29,00,2023-11-27,2023-12-29,gcrew,noaa_gefs,29,WindSpeed_ms_mean,32,4.864784430286628
gep29,00,2023-11-27,2023-12-30,gcrew,noaa_gefs,29,AirTemp_C_mean,33,2.2571350097656477
gep29,00,2023-11-27,2023-12-30,gcrew,noaa_gefs,29,RH_percent_mean,33,58.125136375427246
gep29,00,2023-11-27,2023-12-30,gcrew,noaa_gefs,29,Rain_mm_sum,33,0
gep29,00,2023-11-27,2023-12-30,gcrew,noaa_gefs,29,ShortwaveRadiation_Wm2,33,105
gep29,00,2023-11-27,2023-12-30,gcrew,noaa_gefs,29,WindSpeed_ms_mean,33,8.121758892113014
gep29,00,2023-11-27,2023-12-31,gcrew,noaa_gefs,29,AirTemp_C_mean,34,0.35221252441408524
gep29,00,2023-11-27,2023-12-31,gcrew,noaa_gefs,29,RH_percent_mean,34,59.313002586364746
gep29,00,2023-11-27,2023-12-31,gcrew,noaa_gefs,29,Rain_mm_sum,34,0
gep29,00,2023-11-27,2023-12-31,gcrew,noaa_gefs,29,ShortwaveRadiation_Wm2,34,110
gep29,00,2023-11-27,2023-12-31,gcrew,noaa_gefs,29,WindSpeed_ms_mean,34,7.684706090714355
gep29,00,2023-11-27,2024-01-01,gcrew,noaa_gefs,29,AirTemp_C_mean,35,0.9818664550781477
gep29,00,2023-11-27,2024-01-01,gcrew,noaa_gefs,29,RH_percent_mean,35,55.25293731689453
gep29,00,2023-11-27,2024-01-01,gcrew,noaa_gefs,29,Rain_mm_sum,35,0
gep29,00,2023-11-27,2024-01-01,gcrew,noaa_gefs,29,ShortwaveRadiation_Wm2,35,150
gep29,00,2023-11-27,2024-01-01,gcrew,noaa_gefs,29,WindSpeed_ms_mean,35,5.577020295958797
gep30,00,2023-11-27,2023-11-27,gcrew,noaa_gefs,30,AirTemp_C_mean,0,7.930160958426362
gep30,00,2023-11-27,2023-11-27,gcrew,noaa_gefs,30,RH_percent_mean,0,65.77873774937221
gep30,00,2023-11-27,2023-11-27,gcrew,noaa_gefs,30,Rain_mm_sum,0,1.409999966621399
gep30,00,2023-11-27,2023-11-27,gcrew,noaa_gefs,30,ShortwaveRadiation_Wm2,0,120
gep30,00,2023-11-27,2023-11-27,gcrew,noaa_gefs,30,WindSpeed_ms_mean,0,6.98831636820665
gep30,00,2023-11-27,2023-11-28,gcrew,noaa_gefs,30,AirTemp_C_mean,1,3.143903350830101
gep30,00,2023-11-27,2023-11-28,gcrew,noaa_gefs,30,RH_percent_mean,1,51.75671911239624
gep30,00,2023-11-27,2023-11-28,gcrew,noaa_gefs,30,Rain_mm_sum,1,0
gep30,00,2023-11-27,2023-11-28,gcrew,noaa_gefs,30,ShortwaveRadiation_Wm2,1,117.25
gep30,00,2023-11-27,2023-11-28,gcrew,noaa_gefs,30,WindSpeed_ms_mean,1,8.719262777459525
gep30,00,2023-11-27,2023-11-29,gcrew,noaa_gefs,30,AirTemp_C_mean,2,0.5654579162597884
gep30,00,2023-11-27,2023-11-29,gcrew,noaa_gefs,30,RH_percent_mean,2,45.022233963012695
gep30,00,2023-11-27,2023-11-29,gcrew,noaa_gefs,30,Rain_mm_sum,2,0
gep30,00,2023-11-27,2023-11-29,gcrew,noaa_gefs,30,ShortwaveRadiation_Wm2,2,123.75
gep30,00,2023-11-27,2023-11-29,gcrew,noaa_gefs,30,WindSpeed_ms_mean,2,6.168336011919848
gep30,00,2023-11-27,2023-11-30,gcrew,noaa_gefs,30,AirTemp_C_mean,3,5.442548370361351
gep30,00,2023-11-27,2023-11-30,gcrew,noaa_gefs,30,RH_percent_mean,3,51.092037200927734
gep30,00,2023-11-27,2023-11-30,gcrew,noaa_gefs,30,Rain_mm_sum,3,0
gep30,00,2023-11-27,2023-11-30,gcrew,noaa_gefs,30,ShortwaveRadiation_Wm2,3,115
gep30,00,2023-11-27,2023-11-30,gcrew,noaa_gefs,30,WindSpeed_ms_mean,3,4.647622723424587
gep30,00,2023-11-27,2023-12-01,gcrew,noaa_gefs,30,AirTemp_C_mean,4,9.021810150146507
gep30,00,2023-11-27,2023-12-01,gcrew,noaa_gefs,30,RH_percent_mean,4,66.71106433868408
gep30,00,2023-11-27,2023-12-01,gcrew,noaa_gefs,30,Rain_mm_sum,4,0.9099999666213989
gep30,00,2023-11-27,2023-12-01,gcrew,noaa_gefs,30,ShortwaveRadiation_Wm2,4,56.25
gep30,00,2023-11-27,2023-12-01,gcrew,noaa_gefs,30,WindSpeed_ms_mean,4,5.704241102456863
gep30,00,2023-11-27,2023-12-02,gcrew,noaa_gefs,30,AirTemp_C_mean,5,11.22754821777346
gep30,00,2023-11-27,2023-12-02,gcrew,noaa_gefs,30,RH_percent_mean,5,89.3065881729126
gep30,00,2023-11-27,2023-12-02,gcrew,noaa_gefs,30,Rain_mm_sum,5,2.1299999933689833
gep30,00,2023-11-27,2023-12-02,gcrew,noaa_gefs,30,ShortwaveRadiation_Wm2,5,68.75
gep30,00,2023-11-27,2023-12-02,gcrew,noaa_gefs,30,WindSpeed_ms_mean,5,3.257810854788391
gep30,00,2023-11-27,2023-12-03,gcrew,noaa_gefs,30,AirTemp_C_mean,6,11.987805938720726
gep30,00,2023-11-27,2023-12-03,gcrew,noaa_gefs,30,RH_percent_mean,6,95.10680103302002
gep30,00,2023-11-27,2023-12-03,gcrew,noaa_gefs,30,Rain_mm_sum,6,40.17000102996826
gep30,00,2023-11-27,2023-12-03,gcrew,noaa_gefs,30,ShortwaveRadiation_Wm2,6,25
gep30,00,2023-11-27,2023-12-03,gcrew,noaa_gefs,30,WindSpeed_ms_mean,6,3.011062993601093
gep30,00,2023-11-27,2023-12-04,gcrew,noaa_gefs,30,AirTemp_C_mean,7,10.208066558837913
gep30,00,2023-11-27,2023-12-04,gcrew,noaa_gefs,30,RH_percent_mean,7,69.40479469299316
gep30,00,2023-11-27,2023-12-04,gcrew,noaa_gefs,30,Rain_mm_sum,7,0.10000000149011612
gep30,00,2023-11-27,2023-12-04,gcrew,noaa_gefs,30,ShortwaveRadiation_Wm2,7,83.75
gep30,00,2023-11-27,2023-12-04,gcrew,noaa_gefs,30,WindSpeed_ms_mean,7,4.650060705382802
gep30,00,2023-11-27,2023-12-05,gcrew,noaa_gefs,30,AirTemp_C_mean,8,7.09925231933596
gep30,00,2023-11-27,2023-12-05,gcrew,noaa_gefs,30,RH_percent_mean,8,59.26151514053345
gep30,00,2023-11-27,2023-12-05,gcrew,noaa_gefs,30,Rain_mm_sum,8,0
gep30,00,2023-11-27,2023-12-05,gcrew,noaa_gefs,30,ShortwaveRadiation_Wm2,8,90
gep30,00,2023-11-27,2023-12-05,gcrew,noaa_gefs,30,WindSpeed_ms_mean,8,4.769365907420658
gep30,00,2023-11-27,2023-12-06,gcrew,noaa_gefs,30,AirTemp_C_mean,9,5.801030731201195
gep30,00,2023-11-27,2023-12-06,gcrew,noaa_gefs,30,RH_percent_mean,9,66.42868709564209
gep30,00,2023-11-27,2023-12-06,gcrew,noaa_gefs,30,Rain_mm_sum,9,0.10000000149011612
gep30,00,2023-11-27,2023-12-06,gcrew,noaa_gefs,30,ShortwaveRadiation_Wm2,9,73.75
gep30,00,2023-11-27,2023-12-06,gcrew,noaa_gefs,30,WindSpeed_ms_mean,9,5.121497430910974
gep30,00,2023-11-27,2023-12-07,gcrew,noaa_gefs,30,AirTemp_C_mean,10,4.628167724609398
gep30,00,2023-11-27,2023-12-07,gcrew,noaa_gefs,30,RH_percent_mean,10,60.15670585632324
gep30,00,2023-11-27,2023-12-07,gcrew,noaa_gefs,30,Rain_mm_sum,10,0.10000000149011612
gep30,00,2023-11-27,2023-12-07,gcrew,noaa_gefs,30,ShortwaveRadiation_Wm2,10,80
gep30,00,2023-11-27,2023-12-07,gcrew,noaa_gefs,30,WindSpeed_ms_mean,10,6.409377329262826
gep30,00,2023-11-27,2023-12-08,gcrew,noaa_gefs,30,AirTemp_C_mean,11,7.60364685058596
gep30,00,2023-11-27,2023-12-08,gcrew,noaa_gefs,30,RH_percent_mean,11,60.32244300842285
gep30,00,2023-11-27,2023-12-08,gcrew,noaa_gefs,30,Rain_mm_sum,11,0
gep30,00,2023-11-27,2023-12-08,gcrew,noaa_gefs,30,ShortwaveRadiation_Wm2,11,85
gep30,00,2023-11-27,2023-12-08,gcrew,noaa_gefs,30,WindSpeed_ms_mean,11,2.9631373493483464
gep30,00,2023-11-27,2023-12-09,gcrew,noaa_gefs,30,AirTemp_C_mean,12,9.189378356933616
gep30,00,2023-11-27,2023-12-09,gcrew,noaa_gefs,30,RH_percent_mean,12,70.98326873779297
gep30,00,2023-11-27,2023-12-09,gcrew,noaa_gefs,30,Rain_mm_sum,12,0
gep30,00,2023-11-27,2023-12-09,gcrew,noaa_gefs,30,ShortwaveRadiation_Wm2,12,92.5
gep30,00,2023-11-27,2023-12-09,gcrew,noaa_gefs,30,WindSpeed_ms_mean,12,4.254736907169081
gep30,00,2023-11-27,2023-12-10,gcrew,noaa_gefs,30,AirTemp_C_mean,13,12.441644287109398
gep30,00,2023-11-27,2023-12-10,gcrew,noaa_gefs,30,RH_percent_mean,13,82.82262802124023
gep30,00,2023-11-27,2023-12-10,gcrew,noaa_gefs,30,Rain_mm_sum,13,0.800000011920929
gep30,00,2023-11-27,2023-12-10,gcrew,noaa_gefs,30,ShortwaveRadiation_Wm2,13,52.5
gep30,00,2023-11-27,2023-12-10,gcrew,noaa_gefs,30,WindSpeed_ms_mean,13,7.214954621995648
gep30,00,2023-11-27,2023-12-11,gcrew,noaa_gefs,30,AirTemp_C_mean,14,8.196138000488304
gep30,00,2023-11-27,2023-12-11,gcrew,noaa_gefs,30,RH_percent_mean,14,67.96190357208252
gep30,00,2023-11-27,2023-12-11,gcrew,noaa_gefs,30,Rain_mm_sum,14,36.89999961853027
gep30,00,2023-11-27,2023-12-11,gcrew,noaa_gefs,30,ShortwaveRadiation_Wm2,14,77.5
gep30,00,2023-11-27,2023-12-11,gcrew,noaa_gefs,30,WindSpeed_ms_mean,14,9.841349318979457
gep30,00,2023-11-27,2023-12-12,gcrew,noaa_gefs,30,AirTemp_C_mean,15,4.513063049316429
gep30,00,2023-11-27,2023-12-12,gcrew,noaa_gefs,30,RH_percent_mean,15,51.38350963592529
gep30,00,2023-11-27,2023-12-12,gcrew,noaa_gefs,30,Rain_mm_sum,15,0
gep30,00,2023-11-27,2023-12-12,gcrew,noaa_gefs,30,ShortwaveRadiation_Wm2,15,115
gep30,00,2023-11-27,2023-12-12,gcrew,noaa_gefs,30,WindSpeed_ms_mean,15,6.445321660564322
gep30,00,2023-11-27,2023-12-13,gcrew,noaa_gefs,30,AirTemp_C_mean,16,6.0189071655273665
gep30,00,2023-11-27,2023-12-13,gcrew,noaa_gefs,30,RH_percent_mean,16,54.307085037231445
gep30,00,2023-11-27,2023-12-13,gcrew,noaa_gefs,30,Rain_mm_sum,16,0
gep30,00,2023-11-27,2023-12-13,gcrew,noaa_gefs,30,ShortwaveRadiation_Wm2,16,95
gep30,00,2023-11-27,2023-12-13,gcrew,noaa_gefs,30,WindSpeed_ms_mean,16,4.919506652192801
gep30,00,2023-11-27,2023-12-14,gcrew,noaa_gefs,30,AirTemp_C_mean,17,1.9536911010742415
gep30,00,2023-11-27,2023-12-14,gcrew,noaa_gefs,30,RH_percent_mean,17,54.30481147766113
gep30,00,2023-11-27,2023-12-14,gcrew,noaa_gefs,30,Rain_mm_sum,17,0
gep30,00,2023-11-27,2023-12-14,gcrew,noaa_gefs,30,ShortwaveRadiation_Wm2,17,102.5
gep30,00,2023-11-27,2023-12-14,gcrew,noaa_gefs,30,WindSpeed_ms_mean,17,6.970441376959462
gep30,00,2023-11-27,2023-12-15,gcrew,noaa_gefs,30,AirTemp_C_mean,18,4.5534530639648665
gep30,00,2023-11-27,2023-12-15,gcrew,noaa_gefs,30,RH_percent_mean,18,48.15119743347168
gep30,00,2023-11-27,2023-12-15,gcrew,noaa_gefs,30,Rain_mm_sum,18,0
gep30,00,2023-11-27,2023-12-15,gcrew,noaa_gefs,30,ShortwaveRadiation_Wm2,18,110
gep30,00,2023-11-27,2023-12-15,gcrew,noaa_gefs,30,WindSpeed_ms_mean,18,6.043071901033547
gep30,00,2023-11-27,2023-12-16,gcrew,noaa_gefs,30,AirTemp_C_mean,19,7.143457031250023
gep30,00,2023-11-27,2023-12-16,gcrew,noaa_gefs,30,RH_percent_mean,19,52.20172309875488
gep30,00,2023-11-27,2023-12-16,gcrew,noaa_gefs,30,Rain_mm_sum,19,0
gep30,00,2023-11-27,2023-12-16,gcrew,noaa_gefs,30,ShortwaveRadiation_Wm2,19,111.5
gep30,00,2023-11-27,2023-12-16,gcrew,noaa_gefs,30,WindSpeed_ms_mean,19,5.818199168438026
gep30,00,2023-11-27,2023-12-17,gcrew,noaa_gefs,30,AirTemp_C_mean,20,6.060304260253929
gep30,00,2023-11-27,2023-12-17,gcrew,noaa_gefs,30,RH_percent_mean,20,73.71020603179932
gep30,00,2023-11-27,2023-12-17,gcrew,noaa_gefs,30,Rain_mm_sum,20,0
gep30,00,2023-11-27,2023-12-17,gcrew,noaa_gefs,30,ShortwaveRadiation_Wm2,20,67.5
gep30,00,2023-11-27,2023-12-17,gcrew,noaa_gefs,30,WindSpeed_ms_mean,20,4.95647322638626
gep30,00,2023-11-27,2023-12-18,gcrew,noaa_gefs,30,AirTemp_C_mean,21,7.519563293457054
gep30,00,2023-11-27,2023-12-18,gcrew,noaa_gefs,30,RH_percent_mean,21,87.2380199432373
gep30,00,2023-11-27,2023-12-18,gcrew,noaa_gefs,30,Rain_mm_sum,21,14.800000309944153
gep30,00,2023-11-27,2023-12-18,gcrew,noaa_gefs,30,ShortwaveRadiation_Wm2,21,10
gep30,00,2023-11-27,2023-12-18,gcrew,noaa_gefs,30,WindSpeed_ms_mean,21,6.641896038089156
gep30,00,2023-11-27,2023-12-19,gcrew,noaa_gefs,30,AirTemp_C_mean,22,7.543115234375023
gep30,00,2023-11-27,2023-12-19,gcrew,noaa_gefs,30,RH_percent_mean,22,82.2885913848877
gep30,00,2023-11-27,2023-12-19,gcrew,noaa_gefs,30,Rain_mm_sum,22,7.600000008940697
gep30,00,2023-11-27,2023-12-19,gcrew,noaa_gefs,30,ShortwaveRadiation_Wm2,22,42.5
gep30,00,2023-11-27,2023-12-19,gcrew,noaa_gefs,30,WindSpeed_ms_mean,22,5.825227171579426
gep30,00,2023-11-27,2023-12-20,gcrew,noaa_gefs,30,AirTemp_C_mean,23,8.987573242187523
gep30,00,2023-11-27,2023-12-20,gcrew,noaa_gefs,30,RH_percent_mean,23,80.18497467041016
gep30,00,2023-11-27,2023-12-20,gcrew,noaa_gefs,30,Rain_mm_sum,23,0.30000000447034836
gep30,00,2023-11-27,2023-12-20,gcrew,noaa_gefs,30,ShortwaveRadiation_Wm2,23,42.5
gep30,00,2023-11-27,2023-12-20,gcrew,noaa_gefs,30,WindSpeed_ms_mean,23,4.078718289512819
gep30,00,2023-11-27,2023-12-21,gcrew,noaa_gefs,30,AirTemp_C_mean,24,8.525712585449241
gep30,00,2023-11-27,2023-12-21,gcrew,noaa_gefs,30,RH_percent_mean,24,76.58914756774902
gep30,00,2023-11-27,2023-12-21,gcrew,noaa_gefs,30,Rain_mm_sum,24,36.49999952316284
gep30,00,2023-11-27,2023-12-21,gcrew,noaa_gefs,30,ShortwaveRadiation_Wm2,24,75
gep30,00,2023-11-27,2023-12-21,gcrew,noaa_gefs,30,WindSpeed_ms_mean,24,11.62732320451973
gep30,00,2023-11-27,2023-12-22,gcrew,noaa_gefs,30,AirTemp_C_mean,25,6.965997314453148
gep30,00,2023-11-27,2023-12-22,gcrew,noaa_gefs,30,RH_percent_mean,25,62.65604782104492
gep30,00,2023-11-27,2023-12-22,gcrew,noaa_gefs,30,Rain_mm_sum,25,0
gep30,00,2023-11-27,2023-12-22,gcrew,noaa_gefs,30,ShortwaveRadiation_Wm2,25,110
gep30,00,2023-11-27,2023-12-22,gcrew,noaa_gefs,30,WindSpeed_ms_mean,25,8.727689670673977
gep30,00,2023-11-27,2023-12-23,gcrew,noaa_gefs,30,AirTemp_C_mean,26,6.719461059570335
gep30,00,2023-11-27,2023-12-23,gcrew,noaa_gefs,30,RH_percent_mean,26,62.82187747955322
gep30,00,2023-11-27,2023-12-23,gcrew,noaa_gefs,30,Rain_mm_sum,26,0
gep30,00,2023-11-27,2023-12-23,gcrew,noaa_gefs,30,ShortwaveRadiation_Wm2,26,87.5
gep30,00,2023-11-27,2023-12-23,gcrew,noaa_gefs,30,WindSpeed_ms_mean,26,2.369054386272265
gep30,00,2023-11-27,2023-12-24,gcrew,noaa_gefs,30,AirTemp_C_mean,27,5.3032699584961165
gep30,00,2023-11-27,2023-12-24,gcrew,noaa_gefs,30,RH_percent_mean,27,81.36386299133301
gep30,00,2023-11-27,2023-12-24,gcrew,noaa_gefs,30,Rain_mm_sum,27,28.30000114440918
gep30,00,2023-11-27,2023-12-24,gcrew,noaa_gefs,30,ShortwaveRadiation_Wm2,27,57.5
gep30,00,2023-11-27,2023-12-24,gcrew,noaa_gefs,30,WindSpeed_ms_mean,27,4.459078748032569
gep30,00,2023-11-27,2023-12-25,gcrew,noaa_gefs,30,AirTemp_C_mean,28,5.13581237792971
gep30,00,2023-11-27,2023-12-25,gcrew,noaa_gefs,30,RH_percent_mean,28,81.22675704956055
gep30,00,2023-11-27,2023-12-25,gcrew,noaa_gefs,30,Rain_mm_sum,28,1.4999999776482582
gep30,00,2023-11-27,2023-12-25,gcrew,noaa_gefs,30,ShortwaveRadiation_Wm2,28,35
gep30,00,2023-11-27,2023-12-25,gcrew,noaa_gefs,30,WindSpeed_ms_mean,28,4.003474868197337
gep30,00,2023-11-27,2023-12-26,gcrew,noaa_gefs,30,AirTemp_C_mean,29,4.564202880859398
gep30,00,2023-11-27,2023-12-26,gcrew,noaa_gefs,30,RH_percent_mean,29,65.44478416442871
gep30,00,2023-11-27,2023-12-26,gcrew,noaa_gefs,30,Rain_mm_sum,29,0.6000000238418579
gep30,00,2023-11-27,2023-12-26,gcrew,noaa_gefs,30,ShortwaveRadiation_Wm2,29,95
gep30,00,2023-11-27,2023-12-26,gcrew,noaa_gefs,30,WindSpeed_ms_mean,29,4.794088178148612
gep30,00,2023-11-27,2023-12-27,gcrew,noaa_gefs,30,AirTemp_C_mean,30,2.5684982299804915
gep30,00,2023-11-27,2023-12-27,gcrew,noaa_gefs,30,RH_percent_mean,30,61.19670581817627
gep30,00,2023-11-27,2023-12-27,gcrew,noaa_gefs,30,Rain_mm_sum,30,0.20000000298023224
gep30,00,2023-11-27,2023-12-27,gcrew,noaa_gefs,30,ShortwaveRadiation_Wm2,30,103
gep30,00,2023-11-27,2023-12-27,gcrew,noaa_gefs,30,WindSpeed_ms_mean,30,7.929123668297478
gep30,00,2023-11-27,2023-12-28,gcrew,noaa_gefs,30,AirTemp_C_mean,31,0.24892578125002274
gep30,00,2023-11-27,2023-12-28,gcrew,noaa_gefs,30,RH_percent_mean,31,54.894179344177246
gep30,00,2023-11-27,2023-12-28,gcrew,noaa_gefs,30,Rain_mm_sum,31,0
gep30,00,2023-11-27,2023-12-28,gcrew,noaa_gefs,30,ShortwaveRadiation_Wm2,31,107.5
gep30,00,2023-11-27,2023-12-28,gcrew,noaa_gefs,30,WindSpeed_ms_mean,31,8.369389072984506
gep30,00,2023-11-27,2023-12-29,gcrew,noaa_gefs,30,AirTemp_C_mean,32,2.135316467285179
gep30,00,2023-11-27,2023-12-29,gcrew,noaa_gefs,30,RH_percent_mean,32,49.380462646484375
gep30,00,2023-11-27,2023-12-29,gcrew,noaa_gefs,30,Rain_mm_sum,32,0
gep30,00,2023-11-27,2023-12-29,gcrew,noaa_gefs,30,ShortwaveRadiation_Wm2,32,100
gep30,00,2023-11-27,2023-12-29,gcrew,noaa_gefs,30,WindSpeed_ms_mean,32,4.864784430286628
gep30,00,2023-11-27,2023-12-30,gcrew,noaa_gefs,30,AirTemp_C_mean,33,2.2571350097656477
gep30,00,2023-11-27,2023-12-30,gcrew,noaa_gefs,30,RH_percent_mean,33,58.125136375427246
gep30,00,2023-11-27,2023-12-30,gcrew,noaa_gefs,30,Rain_mm_sum,33,0
gep30,00,2023-11-27,2023-12-30,gcrew,noaa_gefs,30,ShortwaveRadiation_Wm2,33,105
gep30,00,2023-11-27,2023-12-30,gcrew,noaa_gefs,30,WindSpeed_ms_mean,33,8.121758892113014
gep30,00,2023-11-27,2023-12-31,gcrew,noaa_gefs,30,AirTemp_C_mean,34,0.35221252441408524
gep30,00,2023-11-27,2023-12-31,gcrew,noaa_gefs,30,RH_percent_mean,34,59.313002586364746
gep30,00,2023-11-27,2023-12-31,gcrew,noaa_gefs,30,Rain_mm_sum,34,0
gep30,00,2023-11-27,2023-12-31,gcrew,noaa_gefs,30,ShortwaveRadiation_Wm2,34,110
gep30,00,2023-11-27,2023-12-31,gcrew,noaa_gefs,30,WindSpeed_ms_mean,34,7.684706090714355
gep30,00,2023-11-27,2024-01-01,gcrew,noaa_gefs,30,AirTemp_C_mean,35,0.9818664550781477
gep30,00,2023-11-27,2024-01-01,gcrew,noaa_gefs,30,RH_percent_mean,35,55.25293731689453
gep30,00,2023-11-27,2024-01-01,gcrew,noaa_gefs,30,Rain_mm_sum,35,0
gep30,00,2023-11-27,2024-01-01,gcrew,noaa_gefs,30,ShortwaveRadiation_Wm2,35,150
gep30,00,2023-11-27,2024-01-01,gcrew,noaa_gefs,30,WindSpeed_ms_mean,35,5.577020295958797
